Item name: Decay

Real time: 3416.78
Live time: 1464.18

Comment: 


Chan	Data
1	0
2	19
3	28
4	25
5	22
6	30
7	29
8	24
9	23
10	21
11	29
12	17
13	21
14	17
15	19
16	20
17	26
18	24
19	30
20	14
21	24
22	25
23	21
24	22
25	22
26	26
27	29
28	32
29	30
30	25
31	28
32	33
33	33
34	25
35	29
36	33
37	31
38	31
39	28
40	33
41	32
42	42
43	31
44	42
45	48
46	26
47	41
48	27
49	36
50	37
51	34
52	32
53	44
54	34
55	42
56	35
57	39
58	40
59	38
60	29
61	34
62	32
63	33
64	38
65	49
66	36
67	32
68	44
69	40
70	38
71	36
72	34
73	42
74	32
75	36
76	48
77	31
78	37
79	41
80	35
81	35
82	47
83	43
84	50
85	43
86	37
87	49
88	29
89	41
90	44
91	43
92	42
93	40
94	10
95	28
96	54
97	126
98	285
99	697
100	1424
101	2921
102	5706
103	10527
104	17971
105	33111
106	41154
107	41623
108	41668
109	41525
110	41285
111	41596
112	41390
113	40998
114	41002
115	41427
116	41255
117	41250
118	41649
119	40999
120	40924
121	41125
122	41027
123	40923
124	41367
125	41216
126	41380
127	40985
128	40998
129	41144
130	41614
131	41282
132	41448
133	41228
134	40908
135	41194
136	41160
137	41056
138	40977
139	41185
140	41220
141	41142
142	41200
143	41534
144	41172
145	41139
146	41255
147	41170
148	41307
149	41455
150	41208
151	41554
152	41270
153	41342
154	41123
155	41458
156	41154
157	41029
158	41209
159	41423
160	41441
161	41069
162	41556
163	41322
164	41216
165	41531
166	41819
167	41785
168	41445
169	41739
170	41612
171	41256
172	41660
173	41627
174	41552
175	41751
176	41519
177	41855
178	42045
179	41461
180	41724
181	41398
182	41833
183	41501
184	41799
185	41546
186	42073
187	41741
188	41497
189	42113
190	41725
191	41876
192	41954
193	41673
194	41526
195	41469
196	41652
197	41787
198	41688
199	41705
200	41803
201	41651
202	41880
203	41673
204	41789
205	41612
206	41587
207	41661
208	41891
209	41193
210	41590
211	41685
212	41589
213	41420
214	41636
215	41484
216	41481
217	41416
218	41719
219	41654
220	41426
221	41280
222	41446
223	41198
224	41128
225	41472
226	41557
227	41167
228	41358
229	41323
230	41272
231	41419
232	41151
233	41336
234	41355
235	40772
236	40989
237	41398
238	41266
239	40858
240	40957
241	40848
242	40893
243	41040
244	41266
245	40921
246	40974
247	41176
248	41181
249	40893
250	40985
251	41368
252	40865
253	40820
254	41143
255	41192
256	41140
257	40674
258	41141
259	40943
260	40751
261	40898
262	41058
263	41141
264	40967
265	40721
266	41125
267	40676
268	40982
269	41459
270	41053
271	41014
272	40826
273	40904
274	41132
275	40791
276	41370
277	40880
278	40693
279	40912
280	41391
281	41248
282	41320
283	41324
284	41303
285	41243
286	40853
287	41190
288	41202
289	41381
290	41090
291	41126
292	41353
293	41249
294	41133
295	40567
296	41114
297	40948
298	41099
299	41049
300	40980
301	41091
302	40891
303	41520
304	41152
305	41445
306	41026
307	40952
308	40938
309	41286
310	41181
311	41148
312	41018
313	41150
314	41117
315	41042
316	41302
317	40766
318	41391
319	41129
320	40588
321	41178
322	41025
323	41243
324	41040
325	41118
326	41160
327	41391
328	40929
329	40664
330	41096
331	41026
332	41195
333	41157
334	41173
335	41077
336	40925
337	41469
338	40646
339	40921
340	41048
341	41030
342	41261
343	41041
344	41095
345	41064
346	41064
347	41133
348	41102
349	40725
350	41207
351	41031
352	41042
353	40889
354	41024
355	41023
356	40959
357	40602
358	40656
359	40982
360	41080
361	40861
362	40862
363	41120
364	41023
365	41175
366	40927
367	41012
368	40998
369	40411
370	41092
371	41140
372	41307
373	41264
374	41100
375	40690
376	41122
377	41107
378	40936
379	41173
380	40746
381	41319
382	41480
383	41004
384	41105
385	41227
386	41134
387	41386
388	40918
389	41668
390	41389
391	41423
392	41034
393	41118
394	41297
395	41448
396	41255
397	40892
398	41337
399	41339
400	41278
401	41361
402	41196
403	41163
404	41013
405	41494
406	41316
407	41226
408	41137
409	41384
410	41483
411	41115
412	41269
413	40979
414	41300
415	40839
416	41532
417	41159
418	41129
419	41334
420	41521
421	40761
422	41358
423	41107
424	41247
425	41147
426	40617
427	41054
428	41008
429	41382
430	41098
431	41309
432	41043
433	41031
434	41075
435	41101
436	40927
437	41158
438	41039
439	41257
440	41162
441	41160
442	40811
443	41334
444	40964
445	41072
446	41232
447	40851
448	40745
449	40834
450	40725
451	41021
452	40994
453	41106
454	40658
455	40521
456	40918
457	40948
458	41130
459	41109
460	40860
461	41144
462	40569
463	41364
464	40989
465	41038
466	40899
467	40948
468	41233
469	40986
470	40937
471	41055
472	41178
473	41235
474	41366
475	41218
476	41150
477	41615
478	41360
479	41027
480	41296
481	41438
482	41008
483	41355
484	40838
485	40894
486	41336
487	41463
488	41403
489	41643
490	41113
491	41575
492	41421
493	40979
494	41290
495	41017
496	41330
497	41035
498	41819
499	41241
500	41380
501	41510
502	41442
503	41538
504	41491
505	41718
506	41589
507	41138
508	41709
509	41120
510	41604
511	41410
512	41429
513	41552
514	41515
515	41577
516	41689
517	41445
518	41378
519	41718
520	41549
521	41759
522	41630
523	41652
524	41367
525	41408
526	41556
527	41849
528	41525
529	41120
530	41448
531	41466
532	41702
533	41397
534	41721
535	40999
536	41588
537	41332
538	41792
539	41222
540	41380
541	41726
542	41395
543	41378
544	41507
545	41289
546	41678
547	41044
548	41490
549	41015
550	41437
551	41390
552	41428
553	41283
554	41456
555	41384
556	41176
557	41281
558	41361
559	40830
560	40922
561	41009
562	40909
563	41076
564	41099
565	41233
566	40929
567	41317
568	41297
569	41036
570	41288
571	41035
572	41248
573	41369
574	40618
575	40969
576	40970
577	41200
578	40868
579	41162
580	41176
581	41494
582	41042
583	40771
584	41249
585	41111
586	41548
587	41148
588	41142
589	41583
590	41538
591	41223
592	40993
593	41368
594	41417
595	41448
596	41460
597	40929
598	41543
599	41419
600	41611
601	41142
602	41734
603	41647
604	41428
605	41340
606	41465
607	41478
608	41209
609	41563
610	41668
611	41605
612	41770
613	41453
614	41620
615	41331
616	41414
617	41464
618	41570
619	41463
620	41288
621	41637
622	41879
623	41215
624	41430
625	41324
626	41426
627	41485
628	41615
629	41376
630	42046
631	41514
632	42062
633	41455
634	41869
635	41564
636	41344
637	41103
638	41479
639	41292
640	41375
641	41219
642	41360
643	41494
644	41207
645	41125
646	41348
647	41463
648	40988
649	41124
650	41152
651	41161
652	40987
653	41192
654	40963
655	41678
656	41189
657	40990
658	41120
659	41444
660	41100
661	41216
662	41149
663	41008
664	40917
665	40465
666	40887
667	41438
668	41200
669	41026
670	41246
671	41149
672	40614
673	41121
674	40992
675	40913
676	41208
677	40458
678	40917
679	40822
680	40975
681	40609
682	40762
683	40899
684	40548
685	40599
686	41109
687	40628
688	40851
689	40706
690	40701
691	41081
692	40845
693	40847
694	40974
695	40873
696	40499
697	40955
698	41010
699	40728
700	40652
701	40718
702	40873
703	40815
704	40782
705	40729
706	40944
707	40698
708	40713
709	40873
710	40887
711	40487
712	40734
713	40672
714	40953
715	40974
716	40870
717	40816
718	41104
719	41091
720	40750
721	40825
722	40891
723	40710
724	41004
725	41056
726	41143
727	41141
728	40858
729	41146
730	40871
731	40748
732	41304
733	40974
734	41092
735	41166
736	41313
737	41058
738	41265
739	40816
740	41010
741	41227
742	41110
743	41268
744	41728
745	40844
746	40746
747	41246
748	40854
749	41435
750	40890
751	41226
752	41059
753	41011
754	41036
755	40882
756	40729
757	41123
758	41093
759	41237
760	41015
761	41271
762	40916
763	40988
764	41154
765	41110
766	41229
767	40864
768	41035
769	41130
770	41452
771	40954
772	41026
773	41031
774	41088
775	41007
776	41053
777	40953
778	41063
779	41002
780	40939
781	40648
782	41296
783	40880
784	40805
785	41081
786	41183
787	41139
788	40808
789	40823
790	40600
791	40483
792	41369
793	41127
794	40901
795	41055
796	41097
797	40867
798	41095
799	40933
800	40641
801	40832
802	41013
803	40990
804	41060
805	40963
806	41080
807	41377
808	41085
809	40782
810	41022
811	40906
812	41211
813	41275
814	41176
815	41361
816	41218
817	40904
818	41160
819	41146
820	41487
821	41012
822	40863
823	41178
824	41330
825	41144
826	41131
827	41310
828	41046
829	41164
830	41034
831	41190
832	41342
833	41575
834	41294
835	41253
836	41109
837	41063
838	40982
839	40947
840	41290
841	41167
842	41295
843	41426
844	40853
845	41441
846	41498
847	41510
848	41448
849	41461
850	41377
851	41408
852	41422
853	41408
854	41283
855	41065
856	41242
857	41444
858	41377
859	41279
860	41301
861	41637
862	41377
863	41374
864	40982
865	41187
866	41414
867	41556
868	41213
869	41611
870	41197
871	41302
872	41444
873	41386
874	41247
875	41646
876	41055
877	41161
878	41051
879	41167
880	41019
881	41220
882	41352
883	40988
884	41207
885	41313
886	41056
887	40877
888	41126
889	41016
890	41197
891	41215
892	40975
893	41120
894	41117
895	41276
896	41393
897	41077
898	41380
899	41132
900	41366
901	41347
902	41187
903	41525
904	41052
905	41430
906	41563
907	40777
908	41054
909	41273
910	41177
911	41198
912	41199
913	41494
914	41017
915	41306
916	41328
917	41393
918	41130
919	41364
920	40750
921	41297
922	41423
923	40993
924	41412
925	41328
926	41048
927	41156
928	41420
929	41145
930	41989
931	41646
932	41169
933	41452
934	41287
935	41322
936	41345
937	41353
938	41448
939	41124
940	41020
941	41683
942	41001
943	41278
944	41035
945	41294
946	41755
947	41381
948	41162
949	41377
950	41436
951	41416
952	41354
953	41306
954	41613
955	41477
956	41264
957	41360
958	41614
959	41321
960	41317
961	41423
962	41375
963	41560
964	41740
965	41682
966	41387
967	41401
968	41492
969	41415
970	41227
971	40929
972	41599
973	41507
974	41682
975	41253
976	41828
977	41126
978	41226
979	40995
980	41372
981	41021
982	41536
983	41310
984	41098
985	41142
986	41167
987	41442
988	41189
989	41298
990	41450
991	41149
992	41190
993	41026
994	40891
995	41356
996	40917
997	41225
998	41114
999	41339
1000	41423
1001	41498
1002	40963
1003	41092
1004	41165
1005	41259
1006	40719
1007	40822
1008	41089
1009	41114
1010	40855
1011	41077
1012	40650
1013	40941
1014	40715
1015	40845
1016	40961
1017	40915
1018	41168
1019	40893
1020	40903
1021	41082
1022	40833
1023	41092
1024	41026
1025	40998
1026	41278
1027	40934
1028	40902
1029	40920
1030	41017
1031	41064
1032	40382
1033	40695
1034	40538
1035	40956
1036	40919
1037	40915
1038	40974
1039	40903
1040	40914
1041	40883
1042	40722
1043	41077
1044	40791
1045	41063
1046	41220
1047	40975
1048	41194
1049	40828
1050	40982
1051	41253
1052	40853
1053	41131
1054	41590
1055	41051
1056	40937
1057	41285
1058	41019
1059	41050
1060	41067
1061	41141
1062	41063
1063	40969
1064	40681
1065	41499
1066	40999
1067	41157
1068	41341
1069	41650
1070	40936
1071	41055
1072	41367
1073	41140
1074	41368
1075	40836
1076	41007
1077	41241
1078	40919
1079	41373
1080	41396
1081	41130
1082	41132
1083	41041
1084	40913
1085	40669
1086	41248
1087	41100
1088	41006
1089	40919
1090	41264
1091	40451
1092	41050
1093	41269
1094	41270
1095	41359
1096	41228
1097	41309
1098	40933
1099	41219
1100	41143
1101	41253
1102	41018
1103	41372
1104	41231
1105	41089
1106	41192
1107	41125
1108	41084
1109	40986
1110	41484
1111	40595
1112	40696
1113	41256
1114	40901
1115	41180
1116	40752
1117	40913
1118	40895
1119	40849
1120	40822
1121	40961
1122	40707
1123	40627
1124	40438
1125	40716
1126	40918
1127	41143
1128	40641
1129	40931
1130	40544
1131	40804
1132	40859
1133	40708
1134	41146
1135	40874
1136	40897
1137	41220
1138	40811
1139	41229
1140	40622
1141	40836
1142	40953
1143	41053
1144	41024
1145	40898
1146	41079
1147	40326
1148	40579
1149	40960
1150	41369
1151	40894
1152	41063
1153	40842
1154	40715
1155	40678
1156	40933
1157	40703
1158	41033
1159	40818
1160	41168
1161	41217
1162	41014
1163	40874
1164	41011
1165	41131
1166	41314
1167	41244
1168	41208
1169	40680
1170	41197
1171	41037
1172	41452
1173	41148
1174	40786
1175	40547
1176	41015
1177	40803
1178	41351
1179	41187
1180	41068
1181	41060
1182	40993
1183	41150
1184	41211
1185	41215
1186	41190
1187	41246
1188	41222
1189	40818
1190	41301
1191	41013
1192	40910
1193	40966
1194	41043
1195	40956
1196	41564
1197	41413
1198	41531
1199	41166
1200	41423
1201	41467
1202	40912
1203	41341
1204	41448
1205	41510
1206	41067
1207	41191
1208	41201
1209	40663
1210	41038
1211	41134
1212	41045
1213	41152
1214	40965
1215	41301
1216	41342
1217	41039
1218	40875
1219	41105
1220	41188
1221	41521
1222	41092
1223	40865
1224	41332
1225	40743
1226	41032
1227	41124
1228	41403
1229	41266
1230	41322
1231	41123
1232	40894
1233	41423
1234	40877
1235	41052
1236	41129
1237	40906
1238	40825
1239	40956
1240	41094
1241	40937
1242	41111
1243	41059
1244	40874
1245	40939
1246	41107
1247	41146
1248	40995
1249	40917
1250	41029
1251	40879
1252	40917
1253	41086
1254	41121
1255	41303
1256	41036
1257	40940
1258	41116
1259	41187
1260	41069
1261	41344
1262	41382
1263	41136
1264	41236
1265	41298
1266	41260
1267	41510
1268	40735
1269	41684
1270	41338
1271	41205
1272	41140
1273	41035
1274	41222
1275	40798
1276	40956
1277	40724
1278	40899
1279	41082
1280	40949
1281	41145
1282	41068
1283	41308
1284	41439
1285	41080
1286	41419
1287	41007
1288	41247
1289	41160
1290	41138
1291	41252
1292	41468
1293	40872
1294	41653
1295	41230
1296	41502
1297	41430
1298	41191
1299	41664
1300	41044
1301	41406
1302	41134
1303	41133
1304	41226
1305	41340
1306	41469
1307	41201
1308	41522
1309	40940
1310	41440
1311	41001
1312	40852
1313	41323
1314	41410
1315	41475
1316	41041
1317	41222
1318	41128
1319	41205
1320	41179
1321	41552
1322	41048
1323	41270
1324	41743
1325	41302
1326	41360
1327	41512
1328	41195
1329	41442
1330	41291
1331	41582
1332	41303
1333	41251
1334	41457
1335	40815
1336	41599
1337	41010
1338	41199
1339	40890
1340	41247
1341	41374
1342	41526
1343	40964
1344	41219
1345	41133
1346	41816
1347	41359
1348	41170
1349	41048
1350	41293
1351	41085
1352	41516
1353	41368
1354	41301
1355	41383
1356	41419
1357	41004
1358	41188
1359	41047
1360	41028
1361	41350
1362	41261
1363	41734
1364	41086
1365	41229
1366	41000
1367	41270
1368	41057
1369	41032
1370	41351
1371	41599
1372	41207
1373	41152
1374	41609
1375	40705
1376	40959
1377	41078
1378	40954
1379	41360
1380	40866
1381	40731
1382	41184
1383	41168
1384	41278
1385	41536
1386	40888
1387	41163
1388	41016
1389	40827
1390	41030
1391	40972
1392	41026
1393	41193
1394	41521
1395	41091
1396	41079
1397	41297
1398	41347
1399	41337
1400	41118
1401	41099
1402	41304
1403	41284
1404	41131
1405	41109
1406	41165
1407	41114
1408	41121
1409	41060
1410	41062
1411	40927
1412	41027
1413	41388
1414	40846
1415	41104
1416	40837
1417	40770
1418	40794
1419	41341
1420	40938
1421	41136
1422	40708
1423	41228
1424	41195
1425	41001
1426	41123
1427	41114
1428	40928
1429	40878
1430	40963
1431	40945
1432	41388
1433	41036
1434	41453
1435	40582
1436	40775
1437	40934
1438	41007
1439	40801
1440	40835
1441	40971
1442	40632
1443	41172
1444	40424
1445	40963
1446	40950
1447	40842
1448	40789
1449	40705
1450	40804
1451	40821
1452	41065
1453	41258
1454	41096
1455	40922
1456	40802
1457	40598
1458	40854
1459	40735
1460	40674
1461	41014
1462	40729
1463	41064
1464	40984
1465	41021
1466	40962
1467	40997
1468	40950
1469	41157
1470	41062
1471	41070
1472	40819
1473	40842
1474	41127
1475	41256
1476	41217
1477	41028
1478	40914
1479	40896
1480	40645
1481	40848
1482	41088
1483	41022
1484	41238
1485	41034
1486	40968
1487	40839
1488	41048
1489	40865
1490	41000
1491	41381
1492	41093
1493	40858
1494	41185
1495	40749
1496	40863
1497	41135
1498	41494
1499	41131
1500	40863
1501	40714
1502	41042
1503	40744
1504	41014
1505	41302
1506	41149
1507	41394
1508	40899
1509	40893
1510	40967
1511	41083
1512	41093
1513	41532
1514	41336
1515	41445
1516	40752
1517	41130
1518	41170
1519	41206
1520	41219
1521	41161
1522	41268
1523	41012
1524	41197
1525	41111
1526	41160
1527	41097
1528	41140
1529	41279
1530	41253
1531	41273
1532	40915
1533	40795
1534	41001
1535	40874
1536	40869
1537	41005
1538	40985
1539	41369
1540	41103
1541	40975
1542	41359
1543	41223
1544	40879
1545	41533
1546	41217
1547	41357
1548	40875
1549	40978
1550	40891
1551	40861
1552	41203
1553	41320
1554	41164
1555	41068
1556	41082
1557	40987
1558	40936
1559	41530
1560	41123
1561	40913
1562	40921
1563	41303
1564	41033
1565	40875
1566	41188
1567	40855
1568	41223
1569	41131
1570	41148
1571	41015
1572	40924
1573	40899
1574	41161
1575	41284
1576	40884
1577	41321
1578	41279
1579	41114
1580	41109
1581	41281
1582	40978
1583	40767
1584	40853
1585	41070
1586	41077
1587	41509
1588	41374
1589	41274
1590	41017
1591	41506
1592	41140
1593	41359
1594	41445
1595	41409
1596	40974
1597	41108
1598	41238
1599	40984
1600	40978
1601	41533
1602	41156
1603	41176
1604	41082
1605	41077
1606	41548
1607	41257
1608	41165
1609	41089
1610	41262
1611	41203
1612	41145
1613	41466
1614	41285
1615	41292
1616	41333
1617	41364
1618	41287
1619	41150
1620	41164
1621	41248
1622	41083
1623	40917
1624	41132
1625	41353
1626	40943
1627	41282
1628	40965
1629	41199
1630	41356
1631	40860
1632	41121
1633	40981
1634	41511
1635	41231
1636	41288
1637	40800
1638	41017
1639	41181
1640	41513
1641	41055
1642	41475
1643	41146
1644	41053
1645	41201
1646	41031
1647	41298
1648	41447
1649	41010
1650	41369
1651	41275
1652	41046
1653	41395
1654	40865
1655	41039
1656	41305
1657	41365
1658	40676
1659	41192
1660	41189
1661	41104
1662	41367
1663	41200
1664	41233
1665	40778
1666	41015
1667	41096
1668	41061
1669	40960
1670	41293
1671	41431
1672	41143
1673	41343
1674	41280
1675	41419
1676	40886
1677	41120
1678	41386
1679	41280
1680	41034
1681	41364
1682	41418
1683	41256
1684	40923
1685	41367
1686	40926
1687	41483
1688	41570
1689	41391
1690	41352
1691	41324
1692	41279
1693	41227
1694	41134
1695	40904
1696	41035
1697	41066
1698	41593
1699	41234
1700	40931
1701	41260
1702	41143
1703	41477
1704	41359
1705	41641
1706	40861
1707	41441
1708	41163
1709	41228
1710	41139
1711	41718
1712	40966
1713	41071
1714	41658
1715	40922
1716	41295
1717	41241
1718	41219
1719	40983
1720	41186
1721	41112
1722	41655
1723	41081
1724	41152
1725	41251
1726	41411
1727	41188
1728	40864
1729	40733
1730	41103
1731	41131
1732	41655
1733	41429
1734	40870
1735	40845
1736	41248
1737	40870
1738	41075
1739	41067
1740	41070
1741	41325
1742	41055
1743	41197
1744	41423
1745	40838
1746	40828
1747	41056
1748	40806
1749	41007
1750	41162
1751	40969
1752	41202
1753	41048
1754	41058
1755	41152
1756	41146
1757	40633
1758	41279
1759	41037
1760	41238
1761	40886
1762	41080
1763	40796
1764	41053
1765	41048
1766	41354
1767	41207
1768	41452
1769	40786
1770	41033
1771	40891
1772	41392
1773	40858
1774	41065
1775	41184
1776	40798
1777	40858
1778	41338
1779	41488
1780	40974
1781	40757
1782	41121
1783	41276
1784	40984
1785	41125
1786	40943
1787	40927
1788	41133
1789	41027
1790	41228
1791	41178
1792	41065
1793	41160
1794	41584
1795	40817
1796	40760
1797	40779
1798	41166
1799	40930
1800	41001
1801	41606
1802	41230
1803	41003
1804	41376
1805	41233
1806	41349
1807	41044
1808	41303
1809	40477
1810	41121
1811	41100
1812	40960
1813	41113
1814	41479
1815	41434
1816	41220
1817	41115
1818	41156
1819	41233
1820	41192
1821	41075
1822	41248
1823	41436
1824	41203
1825	41470
1826	41316
1827	41058
1828	40995
1829	40941
1830	41554
1831	41320
1832	41098
1833	41247
1834	41178
1835	40700
1836	40983
1837	41673
1838	41369
1839	41202
1840	41309
1841	41073
1842	40816
1843	41046
1844	40913
1845	41077
1846	41317
1847	40900
1848	40865
1849	40829
1850	41161
1851	41145
1852	41027
1853	41100
1854	41258
1855	41316
1856	41008
1857	40732
1858	41511
1859	40656
1860	40824
1861	41101
1862	41312
1863	41310
1864	41098
1865	41039
1866	41004
1867	40954
1868	40844
1869	40999
1870	40836
1871	40860
1872	41106
1873	40737
1874	40876
1875	40899
1876	40950
1877	40774
1878	40933
1879	41047
1880	40738
1881	40906
1882	40846
1883	40861
1884	41273
1885	41073
1886	40600
1887	40573
1888	40608
1889	41007
1890	40703
1891	40919
1892	41169
1893	40332
1894	40837
1895	40641
1896	40901
1897	40985
1898	41608
1899	40855
1900	40914
1901	40937
1902	41011
1903	40869
1904	41086
1905	41312
1906	40620
1907	41115
1908	40787
1909	40651
1910	41034
1911	41045
1912	41216
1913	41256
1914	41016
1915	40636
1916	41016
1917	41028
1918	40792
1919	40988
1920	40502
1921	40957
1922	40893
1923	40700
1924	40903
1925	41124
1926	41011
1927	41103
1928	40925
1929	41378
1930	41243
1931	41071
1932	41033
1933	40752
1934	40973
1935	41337
1936	41392
1937	41170
1938	41125
1939	41353
1940	41643
1941	41055
1942	41023
1943	41250
1944	41310
1945	40940
1946	41148
1947	41033
1948	41048
1949	41098
1950	41251
1951	41256
1952	41047
1953	41507
1954	41645
1955	40934
1956	41099
1957	41195
1958	41206
1959	41318
1960	41136
1961	41097
1962	41141
1963	41043
1964	40822
1965	41071
1966	41421
1967	41275
1968	41641
1969	41369
1970	41256
1971	40863
1972	40935
1973	41017
1974	40958
1975	41100
1976	41067
1977	41070
1978	40623
1979	41279
1980	41217
1981	41109
1982	40979
1983	41258
1984	41073
1985	40639
1986	40822
1987	41321
1988	41101
1989	41101
1990	41245
1991	41187
1992	40859
1993	41062
1994	41105
1995	41088
1996	41040
1997	41069
1998	40920
1999	41209
2000	41060
2001	41034
2002	41087
2003	41359
2004	40773
2005	40850
2006	41258
2007	41432
2008	41000
2009	41213
2010	41161
2011	41182
2012	41309
2013	41027
2014	41018
2015	41125
2016	41030
2017	40780
2018	40931
2019	41047
2020	40746
2021	40821
2022	41018
2023	40876
2024	40856
2025	40991
2026	41094
2027	41271
2028	41516
2029	41045
2030	40968
2031	40884
2032	41209
2033	41097
2034	40887
2035	41159
2036	40876
2037	41345
2038	41356
2039	40920
2040	40926
2041	41264
2042	41056
2043	41319
2044	41166
2045	41344
2046	40904
2047	41075
2048	41133
2049	41497
2050	40936
2051	41146
2052	41181
2053	41034
2054	40958
2055	41302
2056	41209
2057	41287
2058	41269
2059	41364
2060	41035
2061	40758
2062	41174
2063	41477
2064	40960
2065	41307
2066	40955
2067	41074
2068	41074
2069	41108
2070	41112
2071	41096
2072	41273
2073	41451
2074	41393
2075	41060
2076	40902
2077	41124
2078	41205
2079	41202
2080	41414
2081	41082
2082	41247
2083	41330
2084	41227
2085	41035
2086	40829
2087	41133
2088	41189
2089	41031
2090	41509
2091	40972
2092	41202
2093	41115
2094	40656
2095	41292
2096	41004
2097	41563
2098	41110
2099	40989
2100	41008
2101	41208
2102	41332
2103	40855
2104	41174
2105	41046
2106	41165
2107	40696
2108	41116
2109	41267
2110	41173
2111	41257
2112	41410
2113	40892
2114	41109
2115	41193
2116	41480
2117	41276
2118	41196
2119	40974
2120	41617
2121	40980
2122	41344
2123	40866
2124	41509
2125	41440
2126	41035
2127	41035
2128	41416
2129	41560
2130	41097
2131	41126
2132	41306
2133	41576
2134	41099
2135	41512
2136	40605
2137	41467
2138	41233
2139	41034
2140	40943
2141	41270
2142	40959
2143	41368
2144	41549
2145	41144
2146	41540
2147	41340
2148	41169
2149	41191
2150	41493
2151	41374
2152	40901
2153	41216
2154	40960
2155	41072
2156	41179
2157	41348
2158	41317
2159	41160
2160	41154
2161	41303
2162	41106
2163	40978
2164	41353
2165	41141
2166	41576
2167	41657
2168	41074
2169	41322
2170	41446
2171	41259
2172	41094
2173	41208
2174	40993
2175	41392
2176	41356
2177	41201
2178	41150
2179	41182
2180	41064
2181	41464
2182	40931
2183	41242
2184	41257
2185	40978
2186	41178
2187	41413
2188	41400
2189	41396
2190	40868
2191	40872
2192	41073
2193	41031
2194	41237
2195	40932
2196	41191
2197	40711
2198	40909
2199	40816
2200	40750
2201	41024
2202	40971
2203	41112
2204	41298
2205	40781
2206	40546
2207	40681
2208	41072
2209	40983
2210	40955
2211	40853
2212	40768
2213	40841
2214	40541
2215	40659
2216	40761
2217	41000
2218	40755
2219	41253
2220	41288
2221	40978
2222	40559
2223	40731
2224	40741
2225	40933
2226	40653
2227	40831
2228	40876
2229	40618
2230	40802
2231	40816
2232	41162
2233	40751
2234	40984
2235	40747
2236	40494
2237	40776
2238	40978
2239	41169
2240	40806
2241	40860
2242	40852
2243	40540
2244	40735
2245	41113
2246	41036
2247	40857
2248	40980
2249	40710
2250	40850
2251	41077
2252	40633
2253	40851
2254	40964
2255	41066
2256	41327
2257	40699
2258	41039
2259	40892
2260	41081
2261	41010
2262	41371
2263	40954
2264	41075
2265	41156
2266	41485
2267	40740
2268	41460
2269	41386
2270	41406
2271	41178
2272	41012
2273	40845
2274	41102
2275	41216
2276	41180
2277	41289
2278	41136
2279	41324
2280	41113
2281	41514
2282	40752
2283	41335
2284	41223
2285	41252
2286	41085
2287	41226
2288	41321
2289	41225
2290	41457
2291	41403
2292	41083
2293	41564
2294	40967
2295	41263
2296	40696
2297	41074
2298	41352
2299	40803
2300	41101
2301	41245
2302	40875
2303	40804
2304	41112
2305	40970
2306	41021
2307	40822
2308	41163
2309	41351
2310	40906
2311	41322
2312	41398
2313	41523
2314	41162
2315	41119
2316	41039
2317	41359
2318	41091
2319	41044
2320	40847
2321	40894
2322	40929
2323	40954
2324	40734
2325	40945
2326	40931
2327	40702
2328	40678
2329	41005
2330	40990
2331	40913
2332	40788
2333	41232
2334	40610
2335	41011
2336	40935
2337	40873
2338	41345
2339	40711
2340	40671
2341	40715
2342	40758
2343	41163
2344	40979
2345	40836
2346	41104
2347	40861
2348	40787
2349	41198
2350	40708
2351	40996
2352	40994
2353	40734
2354	40742
2355	41131
2356	40645
2357	40978
2358	40656
2359	40582
2360	40807
2361	40849
2362	41121
2363	40900
2364	40775
2365	41033
2366	41251
2367	41134
2368	41137
2369	40920
2370	41044
2371	40997
2372	41103
2373	41030
2374	41091
2375	41023
2376	41566
2377	41378
2378	40970
2379	40613
2380	41095
2381	41286
2382	40949
2383	41202
2384	41020
2385	41144
2386	40838
2387	41238
2388	41325
2389	40811
2390	41246
2391	41522
2392	41005
2393	41339
2394	40951
2395	41584
2396	41339
2397	40951
2398	41132
2399	41380
2400	41202
2401	41144
2402	41299
2403	41271
2404	41517
2405	41490
2406	41359
2407	41286
2408	41131
2409	41176
2410	41427
2411	40987
2412	41417
2413	40869
2414	41090
2415	41010
2416	41184
2417	41115
2418	40765
2419	40867
2420	41349
2421	41136
2422	41107
2423	41144
2424	41292
2425	41191
2426	41355
2427	40831
2428	41452
2429	40891
2430	41048
2431	40808
2432	41161
2433	40972
2434	41304
2435	41246
2436	40971
2437	41451
2438	41300
2439	40874
2440	41063
2441	41128
2442	40957
2443	41403
2444	40975
2445	40699
2446	40890
2447	40797
2448	40939
2449	41165
2450	40741
2451	41113
2452	41470
2453	41518
2454	41344
2455	41131
2456	40814
2457	41487
2458	41264
2459	41113
2460	41128
2461	40902
2462	41171
2463	41052
2464	41164
2465	40929
2466	41242
2467	41110
2468	41197
2469	40876
2470	41107
2471	40966
2472	41233
2473	41133
2474	41412
2475	41261
2476	41017
2477	40916
2478	40917
2479	41174
2480	41053
2481	40731
2482	41298
2483	41317
2484	41238
2485	41286
2486	41217
2487	41103
2488	41325
2489	40894
2490	41078
2491	40825
2492	41565
2493	41295
2494	41477
2495	40911
2496	41214
2497	41315
2498	41231
2499	41168
2500	41291
2501	41207
2502	40851
2503	41137
2504	41426
2505	41514
2506	41153
2507	41299
2508	41519
2509	41183
2510	41074
2511	41318
2512	41425
2513	41085
2514	40918
2515	41332
2516	41214
2517	41145
2518	40964
2519	41429
2520	41363
2521	41214
2522	41373
2523	41183
2524	41308
2525	41537
2526	41320
2527	41241
2528	40787
2529	41229
2530	41062
2531	40918
2532	41068
2533	41695
2534	41144
2535	41324
2536	41283
2537	41243
2538	41021
2539	41311
2540	41466
2541	41141
2542	41000
2543	41131
2544	41518
2545	41270
2546	41428
2547	41188
2548	40789
2549	41098
2550	41438
2551	41195
2552	41056
2553	41097
2554	41123
2555	41026
2556	41262
2557	41000
2558	41258
2559	41254
2560	41176
2561	40994
2562	41565
2563	41409
2564	41050
2565	41106
2566	41303
2567	40764
2568	41471
2569	41172
2570	41326
2571	40882
2572	41295
2573	41015
2574	40936
2575	41139
2576	41145
2577	41129
2578	41090
2579	41612
2580	41154
2581	40894
2582	41331
2583	41125
2584	41083
2585	41497
2586	40776
2587	41415
2588	41158
2589	41641
2590	41146
2591	40893
2592	41299
2593	41265
2594	41309
2595	41203
2596	41366
2597	41115
2598	41374
2599	41151
2600	41291
2601	40953
2602	41362
2603	41015
2604	41333
2605	41138
2606	41276
2607	41269
2608	41459
2609	41184
2610	41267
2611	41358
2612	41321
2613	41273
2614	41226
2615	41219
2616	41141
2617	41361
2618	41200
2619	41355
2620	41078
2621	41127
2622	41351
2623	40875
2624	41506
2625	41866
2626	41662
2627	41504
2628	41201
2629	41594
2630	41404
2631	41385
2632	41519
2633	41112
2634	41292
2635	41261
2636	41154
2637	41451
2638	41194
2639	41108
2640	41315
2641	41260
2642	41083
2643	41189
2644	40923
2645	41171
2646	41013
2647	41040
2648	41280
2649	41136
2650	40774
2651	41040
2652	41390
2653	41227
2654	41319
2655	40983
2656	41345
2657	41233
2658	41381
2659	41377
2660	41120
2661	41053
2662	41440
2663	41009
2664	41425
2665	41231
2666	41045
2667	41328
2668	40655
2669	40899
2670	41107
2671	41159
2672	41077
2673	41000
2674	41194
2675	41115
2676	41381
2677	41195
2678	41369
2679	41365
2680	41383
2681	41053
2682	40866
2683	41501
2684	41153
2685	41548
2686	41380
2687	40865
2688	41431
2689	41322
2690	40889
2691	41292
2692	41401
2693	40833
2694	41305
2695	41159
2696	41337
2697	41346
2698	41439
2699	41019
2700	41022
2701	41404
2702	41526
2703	40969
2704	41520
2705	41149
2706	41104
2707	41102
2708	41394
2709	41153
2710	41112
2711	41059
2712	40906
2713	41048
2714	41117
2715	41283
2716	41183
2717	40844
2718	41078
2719	41041
2720	41275
2721	41558
2722	40866
2723	41183
2724	40844
2725	40925
2726	41446
2727	40784
2728	40982
2729	40929
2730	41217
2731	41139
2732	40861
2733	40777
2734	41129
2735	41399
2736	40977
2737	40734
2738	41226
2739	40822
2740	41011
2741	40535
2742	41295
2743	40948
2744	40470
2745	41057
2746	40790
2747	41280
2748	41160
2749	41112
2750	40867
2751	41064
2752	40790
2753	40809
2754	40946
2755	41024
2756	40902
2757	40930
2758	41222
2759	40960
2760	41242
2761	40801
2762	40852
2763	40848
2764	40995
2765	40794
2766	40743
2767	41067
2768	40877
2769	40767
2770	41156
2771	40604
2772	41002
2773	40999
2774	40678
2775	40759
2776	40667
2777	41035
2778	41037
2779	41030
2780	40997
2781	40929
2782	40767
2783	40918
2784	40703
2785	41077
2786	41020
2787	40789
2788	40948
2789	40967
2790	41233
2791	41285
2792	41034
2793	41275
2794	40905
2795	41004
2796	41521
2797	41172
2798	41265
2799	41311
2800	41210
2801	41222
2802	41602
2803	41609
2804	40854
2805	41360
2806	41397
2807	41480
2808	41287
2809	41032
2810	41404
2811	41672
2812	41403
2813	41476
2814	41499
2815	41520
2816	41384
2817	41315
2818	41634
2819	41539
2820	41402
2821	41462
2822	41423
2823	41720
2824	41645
2825	41493
2826	41221
2827	41312
2828	41199
2829	41626
2830	41454
2831	41611
2832	41349
2833	41420
2834	41329
2835	41615
2836	41531
2837	41460
2838	41480
2839	41430
2840	41708
2841	42052
2842	41493
2843	41684
2844	41643
2845	41432
2846	41495
2847	41303
2848	41082
2849	41741
2850	41404
2851	41162
2852	41341
2853	41608
2854	41750
2855	41590
2856	41034
2857	41309
2858	41403
2859	41161
2860	41437
2861	41247
2862	40964
2863	41501
2864	41238
2865	41208
2866	41370
2867	40915
2868	41315
2869	41264
2870	41107
2871	41152
2872	41260
2873	41267
2874	41454
2875	40932
2876	40937
2877	41272
2878	41322
2879	41380
2880	40584
2881	40961
2882	41076
2883	40632
2884	40775
2885	41026
2886	40774
2887	41182
2888	40781
2889	40733
2890	40987
2891	41134
2892	40848
2893	40778
2894	41099
2895	41288
2896	40698
2897	41090
2898	40739
2899	41032
2900	40746
2901	41000
2902	41135
2903	40705
2904	41301
2905	41130
2906	41015
2907	40986
2908	40911
2909	40555
2910	41102
2911	40899
2912	40835
2913	40709
2914	41059
2915	40996
2916	41085
2917	40946
2918	40798
2919	40699
2920	40749
2921	41177
2922	40885
2923	40956
2924	40887
2925	40644
2926	41380
2927	40934
2928	41056
2929	40734
2930	41205
2931	41179
2932	41012
2933	41097
2934	40588
2935	40616
2936	40498
2937	41007
2938	41081
2939	41004
2940	41294
2941	41228
2942	40958
2943	41356
2944	40976
2945	41042
2946	40965
2947	40619
2948	40967
2949	41031
2950	40988
2951	40701
2952	40682
2953	41303
2954	41143
2955	40989
2956	40786
2957	40930
2958	40541
2959	40831
2960	40752
2961	41038
2962	40612
2963	40877
2964	40789
2965	40686
2966	40753
2967	41123
2968	40464
2969	40844
2970	40799
2971	40611
2972	41100
2973	40826
2974	40527
2975	40651
2976	40831
2977	40679
2978	40470
2979	40719
2980	40749
2981	40841
2982	40629
2983	40660
2984	40410
2985	40400
2986	40939
2987	40559
2988	40954
2989	40699
2990	40582
2991	40748
2992	40515
2993	41099
2994	40794
2995	40561
2996	40792
2997	40853
2998	40926
2999	41002
3000	40919
3001	41463
3002	40873
3003	41234
3004	40619
3005	40861
3006	40849
3007	40804
3008	41268
3009	41167
3010	40954
3011	41291
3012	41022
3013	41018
3014	41108
3015	41295
3016	41531
3017	40981
3018	41270
3019	41349
3020	40915
3021	40965
3022	41186
3023	41062
3024	41269
3025	41262
3026	41230
3027	40899
3028	41270
3029	41618
3030	41201
3031	41357
3032	41182
3033	41582
3034	41221
3035	41269
3036	41505
3037	41375
3038	41786
3039	41491
3040	41346
3041	41289
3042	41244
3043	41582
3044	41331
3045	42097
3046	41504
3047	41407
3048	41748
3049	41329
3050	41649
3051	41316
3052	41853
3053	41537
3054	41632
3055	41702
3056	41614
3057	41510
3058	41231
3059	41280
3060	41602
3061	41551
3062	41242
3063	41517
3064	41119
3065	41369
3066	41613
3067	41454
3068	40991
3069	41439
3070	41438
3071	41565
3072	41252
3073	41705
3074	41291
3075	41072
3076	41510
3077	41548
3078	41101
3079	41180
3080	41194
3081	41299
3082	40882
3083	40935
3084	41270
3085	41224
3086	41467
3087	41392
3088	41269
3089	40827
3090	41465
3091	41362
3092	41004
3093	41462
3094	41170
3095	41113
3096	40940
3097	40922
3098	41076
3099	40867
3100	41369
3101	40974
3102	40682
3103	41064
3104	41184
3105	40911
3106	40566
3107	40884
3108	40780
3109	40827
3110	40888
3111	41057
3112	40984
3113	41181
3114	40918
3115	40859
3116	40790
3117	40758
3118	40687
3119	41032
3120	40928
3121	40844
3122	41068
3123	40635
3124	41084
3125	40559
3126	40559
3127	40956
3128	40881
3129	41393
3130	40536
3131	40868
3132	41160
3133	40917
3134	40541
3135	40904
3136	40599
3137	40816
3138	40711
3139	40919
3140	40832
3141	41011
3142	40707
3143	40702
3144	40197
3145	40943
3146	40662
3147	41059
3148	40943
3149	40757
3150	40784
3151	41131
3152	40784
3153	40905
3154	40567
3155	40983
3156	40857
3157	40958
3158	40860
3159	40924
3160	40648
3161	40823
3162	40381
3163	40859
3164	40851
3165	40912
3166	40612
3167	40652
3168	40346
3169	41086
3170	40723
3171	40676
3172	40822
3173	41110
3174	40601
3175	40601
3176	40671
3177	40612
3178	40437
3179	40842
3180	40580
3181	40936
3182	40734
3183	40559
3184	40803
3185	40469
3186	40771
3187	40967
3188	41156
3189	40712
3190	40817
3191	40567
3192	40699
3193	40453
3194	40606
3195	40545
3196	40794
3197	40598
3198	40791
3199	40861
3200	40744
3201	40797
3202	40544
3203	40853
3204	40668
3205	40759
3206	40654
3207	40656
3208	41116
3209	40578
3210	40640
3211	40887
3212	41125
3213	40599
3214	41281
3215	41210
3216	41134
3217	41082
3218	41034
3219	40851
3220	41063
3221	41031
3222	40744
3223	40971
3224	41187
3225	41058
3226	41052
3227	41010
3228	41229
3229	41208
3230	41276
3231	41586
3232	41111
3233	40970
3234	41145
3235	41138
3236	41398
3237	41470
3238	41480
3239	41279
3240	41492
3241	41307
3242	41232
3243	41569
3244	41737
3245	41914
3246	41399
3247	41725
3248	41886
3249	42075
3250	41855
3251	42330
3252	41615
3253	41282
3254	41973
3255	42128
3256	41663
3257	41970
3258	41868
3259	41920
3260	42314
3261	42006
3262	42413
3263	42319
3264	41894
3265	42257
3266	42289
3267	42093
3268	42155
3269	42165
3270	41778
3271	41821
3272	42033
3273	41916
3274	41662
3275	42058
3276	42400
3277	41782
3278	41967
3279	42028
3280	41966
3281	41592
3282	42158
3283	41892
3284	42071
3285	42362
3286	42134
3287	42172
3288	42166
3289	42072
3290	41732
3291	42098
3292	42002
3293	41630
3294	42066
3295	41847
3296	42119
3297	41764
3298	42123
3299	42110
3300	41970
3301	42023
3302	41805
3303	41981
3304	41854
3305	41653
3306	41545
3307	41592
3308	41587
3309	41676
3310	41668
3311	41778
3312	41937
3313	41588
3314	41653
3315	41651
3316	41625
3317	41641
3318	41691
3319	41350
3320	41527
3321	41544
3322	41810
3323	41367
3324	41454
3325	41856
3326	41521
3327	41348
3328	41448
3329	41759
3330	41614
3331	41722
3332	41336
3333	41514
3334	41297
3335	41264
3336	41344
3337	41526
3338	41045
3339	41352
3340	41209
3341	41389
3342	41802
3343	41211
3344	41526
3345	41347
3346	40667
3347	40886
3348	41242
3349	41658
3350	40697
3351	40780
3352	40900
3353	40590
3354	41144
3355	41112
3356	41119
3357	41157
3358	41247
3359	41213
3360	40765
3361	41401
3362	40964
3363	41198
3364	41036
3365	41034
3366	41059
3367	41164
3368	41013
3369	40954
3370	40862
3371	41182
3372	41350
3373	40941
3374	40610
3375	40823
3376	40827
3377	41437
3378	41053
3379	40819
3380	41348
3381	40673
3382	41311
3383	41259
3384	40996
3385	41092
3386	41033
3387	40890
3388	40506
3389	40939
3390	40958
3391	41093
3392	40525
3393	41246
3394	41089
3395	40601
3396	40955
3397	40787
3398	41101
3399	41199
3400	40676
3401	40782
3402	41273
3403	40965
3404	40615
3405	40800
3406	40632
3407	41132
3408	40801
3409	40996
3410	41114
3411	40835
3412	40675
3413	41086
3414	40776
3415	41201
3416	40695
3417	41329
3418	40771
3419	40910
3420	41499
3421	40751
3422	41050
3423	40977
3424	40775
3425	41052
3426	41037
3427	41386
3428	41109
3429	41177
3430	41193
3431	41040
3432	40776
3433	40919
3434	40835
3435	41066
3436	41161
3437	41475
3438	41311
3439	41231
3440	41427
3441	41263
3442	41219
3443	41442
3444	41275
3445	41375
3446	41261
3447	41204
3448	41511
3449	41236
3450	41554
3451	41311
3452	41636
3453	42045
3454	41286
3455	41265
3456	41654
3457	42027
3458	41500
3459	41829
3460	41672
3461	41499
3462	41852
3463	41553
3464	41843
3465	41773
3466	41706
3467	41640
3468	41634
3469	41700
3470	41898
3471	41647
3472	41397
3473	41988
3474	42037
3475	42042
3476	41798
3477	41811
3478	41997
3479	41925
3480	41837
3481	42035
3482	41861
3483	41740
3484	42236
3485	42047
3486	42096
3487	41903
3488	42249
3489	41929
3490	41697
3491	42307
3492	41502
3493	42180
3494	41627
3495	41773
3496	41447
3497	42118
3498	41685
3499	41975
3500	42100
3501	41727
3502	41506
3503	41755
3504	41910
3505	41569
3506	41634
3507	41532
3508	41435
3509	41899
3510	41711
3511	41510
3512	41100
3513	41792
3514	41436
3515	41251
3516	41111
3517	41233
3518	41353
3519	41205
3520	41379
3521	41173
3522	41149
3523	40915
3524	40858
3525	41162
3526	41317
3527	41101
3528	41487
3529	41146
3530	40735
3531	40886
3532	40798
3533	41227
3534	41008
3535	40878
3536	40484
3537	40673
3538	40963
3539	40552
3540	40847
3541	40906
3542	40944
3543	40820
3544	41055
3545	40993
3546	41026
3547	40806
3548	40742
3549	40790
3550	40486
3551	40612
3552	40539
3553	40501
3554	40672
3555	40563
3556	40944
3557	40771
3558	40580
3559	40931
3560	40548
3561	40500
3562	40857
3563	40583
3564	40605
3565	40862
3566	40530
3567	40799
3568	40581
3569	40552
3570	40576
3571	40324
3572	40643
3573	40238
3574	40634
3575	40622
3576	40516
3577	40951
3578	40761
3579	40915
3580	40576
3581	40755
3582	40581
3583	40976
3584	40763
3585	40818
3586	40601
3587	40679
3588	40755
3589	40502
3590	40618
3591	40656
3592	40655
3593	41004
3594	40731
3595	40696
3596	40687
3597	40909
3598	41059
3599	40832
3600	40863
3601	41241
3602	40816
3603	40674
3604	41134
3605	40978
3606	40753
3607	41100
3608	40679
3609	40909
3610	40677
3611	40948
3612	40929
3613	40307
3614	40945
3615	41010
3616	40741
3617	40842
3618	41035
3619	40733
3620	40795
3621	40766
3622	41186
3623	40870
3624	40749
3625	40983
3626	41225
3627	40797
3628	41138
3629	40889
3630	41067
3631	40970
3632	41093
3633	40901
3634	41330
3635	41324
3636	41289
3637	40979
3638	41394
3639	41643
3640	41408
3641	41186
3642	41286
3643	41245
3644	41030
3645	41405
3646	41685
3647	41135
3648	41022
3649	41471
3650	41285
3651	40942
3652	41325
3653	41135
3654	41548
3655	41512
3656	41096
3657	41231
3658	41011
3659	41399
3660	41280
3661	41274
3662	41084
3663	41430
3664	41743
3665	41334
3666	41099
3667	41312
3668	41370
3669	41273
3670	41104
3671	41478
3672	41954
3673	41502
3674	41454
3675	41358
3676	41519
3677	41442
3678	41802
3679	41958
3680	41282
3681	41378
3682	41865
3683	41260
3684	41783
3685	41247
3686	40955
3687	41389
3688	41626
3689	41772
3690	41613
3691	41334
3692	41495
3693	41360
3694	41338
3695	41694
3696	41172
3697	41444
3698	41169
3699	41788
3700	41333
3701	41429
3702	41007
3703	41274
3704	41268
3705	41398
3706	40926
3707	41242
3708	41413
3709	41446
3710	41073
3711	40947
3712	41407
3713	41288
3714	40988
3715	41504
3716	41146
3717	40922
3718	40879
3719	40752
3720	40955
3721	40941
3722	40742
3723	40908
3724	40986
3725	40950
3726	41004
3727	40915
3728	40858
3729	40850
3730	41228
3731	40974
3732	40816
3733	40609
3734	40917
3735	41080
3736	40400
3737	40520
3738	40340
3739	40871
3740	40853
3741	40827
3742	40801
3743	40938
3744	40309
3745	40520
3746	40704
3747	40749
3748	40559
3749	40831
3750	40655
3751	40641
3752	40737
3753	40337
3754	40494
3755	40754
3756	40855
3757	40327
3758	40385
3759	40645
3760	40677
3761	40635
3762	40664
3763	40706
3764	40876
3765	40311
3766	40593
3767	41332
3768	40584
3769	40398
3770	40826
3771	40639
3772	40767
3773	40449
3774	40585
3775	40634
3776	40592
3777	40729
3778	40708
3779	40707
3780	40546
3781	40685
3782	40787
3783	40691
3784	41127
3785	40719
3786	40677
3787	40623
3788	40885
3789	40756
3790	41055
3791	40915
3792	41318
3793	40820
3794	41258
3795	41172
3796	41171
3797	41368
3798	41134
3799	41265
3800	41227
3801	40791
3802	40847
3803	41074
3804	41374
3805	41025
3806	41771
3807	41699
3808	41552
3809	41193
3810	41411
3811	41521
3812	41709
3813	41133
3814	41677
3815	41746
3816	41362
3817	41645
3818	41744
3819	41767
3820	41873
3821	41622
3822	41649
3823	41676
3824	41789
3825	41641
3826	41840
3827	42131
3828	41765
3829	41689
3830	41734
3831	41070
3832	40464
3833	39774
3834	39749
3835	39682
3836	39692
3837	39422
3838	39696
3839	39687
3840	39598
3841	39497
3842	39168
3843	38938
3844	38207
3845	37351
3846	34068
3847	26363
3848	18311
3849	11503
3850	6690
3851	4111
3852	2771
3853	1849
3854	1164
3855	740
3856	469
3857	253
3858	170
3859	66
3860	18
3861	18
3862	15
3863	8
3864	14
3865	12
3866	17
3867	16
3868	16
3869	10
3870	19
3871	24
3872	12
3873	18
3874	14
3875	16
3876	12
3877	12
3878	16
3879	19
3880	11
3881	7
3882	17
3883	10
3884	15
3885	21
3886	10
3887	14
3888	10
3889	15
3890	11
3891	12
3892	20
3893	14
3894	8
3895	15
3896	21
3897	11
3898	16
3899	13
3900	14
3901	19
3902	13
3903	13
3904	21
3905	12
3906	15
3907	11
3908	10
3909	8
3910	17
3911	12
3912	10
3913	9
3914	14
3915	11
3916	13
3917	10
3918	15
3919	23
3920	12
3921	19
3922	13
3923	14
3924	14
3925	16
3926	21
3927	13
3928	14
3929	11
3930	20
3931	12
3932	13
3933	10
3934	7
3935	13
3936	14
3937	23
3938	14
3939	18
3940	20
3941	17
3942	14
3943	15
3944	9
3945	14
3946	13
3947	22
3948	20
3949	13
3950	16
3951	13
3952	19
3953	8
3954	12
3955	15
3956	19
3957	21
3958	20
3959	25
3960	15
3961	26
3962	18
3963	16
3964	13
3965	12
3966	17
3967	15
3968	13
3969	20
3970	11
3971	26
3972	16
3973	15
3974	17
3975	17
3976	21
3977	18
3978	18
3979	33
3980	21
3981	23
3982	19
3983	17
3984	29
3985	18
3986	17
3987	20
3988	24
3989	19
3990	24
3991	26
3992	26
3993	21
3994	21
3995	20
3996	18
3997	19
3998	22
3999	23
4000	20
4001	17
4002	28
4003	22
4004	21
4005	22
4006	32
4007	21
4008	30
4009	24
4010	27
4011	30
4012	24
4013	30
4014	39
4015	25
4016	15
4017	19
4018	19
4019	29
4020	23
4021	23
4022	21
4023	20
4024	26
4025	25
4026	16
4027	15
4028	22
4029	17
4030	22
4031	15
4032	13
4033	21
4034	19
4035	18
4036	13
4037	13
4038	12
4039	13
4040	12
4041	15
4042	14
4043	21
4044	22
4045	13
4046	18
4047	18
4048	11
4049	12
4050	12
4051	14
4052	10
4053	15
4054	11
4055	13
4056	9
4057	15
4058	19
4059	16
4060	13
4061	11
4062	14
4063	13
4064	8
4065	7
4066	3
4067	0
4068	0
4069	0
4070	0
4071	0
4072	0
4073	0
4074	0
4075	0
4076	0
4077	0
4078	0
4079	0
4080	0
4081	0
4082	0
4083	0
4084	0
4085	0
4086	0
4087	0
4088	0
4089	0
4090	0
4091	0
4092	0
4093	0
4094	0
4095	0
4096	0
