3.266014999999999890e-02 3.212153591673315134e+01 2.624115014433245019e+00
3.737395999999999774e-02 3.944344303817978670e+01 1.338919075242780643e+00
4.208776999999999657e-02 3.972547833919770000e+01 7.479839914117739630e-01
4.680158000000000235e-02 3.866929368973173808e+01 5.113132627445383660e-01
5.151539000000000118e-02 3.644897770067723997e+01 3.965636542332054426e-01
5.622921000000000169e-02 3.529442450807903242e+01 3.265627621301501748e-01
6.094302000000000052e-02 3.412490158001076423e+01 2.767989867578243834e-01
6.565682999999999936e-02 3.289232516777440196e+01 2.427027427238004076e-01
7.037063999999999819e-02 3.241497065252796261e+01 2.156837067511707950e-01
7.508444999999999703e-02 3.173034410020844120e+01 1.925694921436192086e-01
7.979825999999999586e-02 3.130768285444355570e+01 1.746189290131390237e-01
8.451208000000000331e-02 3.098894318803748149e+01 1.604796005634111788e-01
8.922589000000000214e-02 3.052620058085744503e+01 1.481591831930102188e-01
9.393970000000000098e-02 2.993090472309096128e+01 1.372554199792337948e-01
9.865350999999999981e-02 2.963058912399003120e+01 1.284735727759044044e-01
1.033672999999999953e-01 2.924915124104113318e+01 1.213672150456507892e-01
1.080810999999999994e-01 2.879261007753452262e+01 1.152962671938242006e-01
1.127949000000000035e-01 2.852093374885963684e+01 1.093631298163796478e-01
1.175087999999999966e-01 2.827162856593697882e+01 1.045539459481247963e-01
1.222226000000000007e-01 2.796312264741332854e+01 1.004316524484957646e-01
1.269364000000000048e-01 2.754613578691025566e+01 9.667512079137295655e-02
1.316501999999999950e-01 2.729337936164323608e+01 9.295176888820028127e-02
1.363640000000000130e-01 2.693675118468206975e+01 8.981567365182385743e-02
1.410778000000000032e-01 2.639180961281607196e+01 8.681486094764047368e-02
1.457915999999999934e-01 2.621363208431061409e+01 8.424624056120350035e-02
1.505054000000000114e-01 2.592797328300106585e+01 8.181466074973214875e-02
1.552193000000000045e-01 2.556385918425857540e+01 7.973607174106946138e-02
1.599330999999999947e-01 2.532088662724788719e+01 7.774038012922451779e-02
1.646469000000000127e-01 2.500315981593695724e+01 7.582518478652952587e-02
1.693607000000000029e-01 2.473222315741456612e+01 7.391269192388753850e-02
1.740744999999999931e-01 2.441680471087439130e+01 7.220846548827364320e-02
1.787883000000000111e-01 2.407923654401230351e+01 7.064717823879067271e-02
1.835021000000000013e-01 2.380276970289288840e+01 6.919490931663906108e-02
1.882158999999999915e-01 2.344214246090698239e+01 6.768046949516680344e-02
1.929297000000000095e-01 2.313080477619230635e+01 6.631561047283493493e-02
1.976436000000000026e-01 2.287610467455043661e+01 6.512178467036203178e-02
2.023573999999999928e-01 2.244534215516678799e+01 6.388695228717282404e-02
2.070712000000000108e-01 2.212617368777693727e+01 6.266095032819801736e-02
2.117850000000000010e-01 2.181263819227260470e+01 6.148452766464750779e-02
2.164987999999999913e-01 2.156286727032835060e+01 6.049693178875437116e-02
2.212126000000000092e-01 2.121454144204453129e+01 5.950442109601008361e-02
2.259263999999999994e-01 2.092976911731169665e+01 5.855028013318230168e-02
2.306401999999999897e-01 2.066411611626922351e+01 5.759417573083522313e-02
2.353540000000000076e-01 2.030030215728431031e+01 5.670145903221842504e-02
2.400679000000000007e-01 1.992619796439278446e+01 5.582169101356686952e-02
2.447816999999999910e-01 1.966434327697421836e+01 5.503262803300729838e-02
2.494955000000000089e-01 1.933143388894312409e+01 5.416662915603020351e-02
2.542093000000000269e-01 1.895364312174224253e+01 5.338292852740778027e-02
2.589231000000000171e-01 1.860441288246028790e+01 5.263195349577148852e-02
2.636369000000000073e-01 1.837682126824344664e+01 5.196638390217705322e-02
2.683506999999999976e-01 1.807438111578055029e+01 5.118756688694959395e-02
2.730644999999999878e-01 1.772531936490100790e+01 5.050155976535234542e-02
2.777783999999999809e-01 1.745526908391972754e+01 4.990167089119729171e-02
2.824922000000000266e-01 1.715070292872035296e+01 4.930381086976089872e-02
2.872060000000000168e-01 1.692748957030227785e+01 4.865571658690881485e-02
2.919198000000000071e-01 1.649985637167712937e+01 4.796635106643309943e-02
2.966335999999999973e-01 1.614878152739773043e+01 4.734727191801824803e-02
3.013473999999999875e-01 1.585507747980192050e+01 4.677381130249081559e-02
3.060611999999999777e-01 1.555167921699892730e+01 4.617094267405028735e-02
3.107750000000000234e-01 1.534903709880769362e+01 4.566913148221277141e-02
3.154888000000000137e-01 1.500749355942139118e+01 4.512405096749527722e-02
3.202027000000000068e-01 1.464736025491920479e+01 4.458252701500625692e-02
3.249164999999999970e-01 1.439675383437584344e+01 4.406843754886357462e-02
3.296302999999999872e-01 1.415717628990746846e+01 4.358241110277332603e-02
3.343440999999999774e-01 1.386071074993484764e+01 4.314580266312208895e-02
3.390579000000000232e-01 1.358864528423897866e+01 4.316402586855166285e-02
3.437717000000000134e-01 1.335950119803884917e+01 4.359872315213713517e-02
3.484855000000000036e-01 1.310064368370469090e+01 4.450180575843634689e-02
3.531992999999999938e-01 1.277996624201851539e+01 4.512215294290603668e-02
3.579131999999999869e-01 1.250171573576366946e+01 4.549690482309474288e-02
3.626269999999999771e-01 1.215772668816788560e+01 4.572420549695607045e-02
3.673408000000000229e-01 1.191492784173835418e+01 4.592297731260260724e-02
3.720546000000000131e-01 1.169502244250068657e+01 4.612653919815196818e-02
3.767684000000000033e-01 1.151522838773786184e+01 4.631647461141611549e-02
3.814821999999999935e-01 1.125763271403441657e+01 4.640313773692215232e-02
3.861959999999999837e-01 1.104429280997521978e+01 4.646167706356776894e-02
3.909097999999999740e-01 1.081366062581439458e+01 4.650598923582272004e-02
3.956236000000000197e-01 1.049471697664186287e+01 4.651661459781696734e-02
4.003375000000000128e-01 1.018451049501562089e+01 4.657702079948239371e-02
4.050513000000000030e-01 1.012836792415952125e+01 4.794138136630679559e-02
4.097650999999999932e-01 9.904087175527793718e+00 4.913360330840407797e-02
4.144788999999999835e-01 9.598201404417439520e+00 5.001724569885609983e-02
4.191926999999999737e-01 9.338653522120131001e+00 5.062020052841088164e-02
4.239065000000000194e-01 9.206611584082624589e+00 5.128474028912272803e-02
4.286203000000000096e-01 8.962834493745107878e+00 5.187317128600896915e-02
4.333340999999999998e-01 8.747698285118589823e+00 5.251143679598458541e-02
4.380479999999999929e-01 8.538028671651058943e+00 5.315599283764389088e-02
4.427617999999999832e-01 8.417265302971067342e+00 5.380327138852230434e-02
4.474755999999999734e-01 8.228491939992169435e+00 5.449700744383897955e-02
4.521894000000000191e-01 8.018307700351810396e+00 5.525536148633262284e-02
4.569032000000000093e-01 7.775123888943174855e+00 5.570233940978314147e-02
4.616169999999999995e-01 7.632163122882456463e+00 5.604557591435100489e-02
4.663307999999999898e-01 7.416168795608514053e+00 5.599018542097631418e-02
4.710445999999999800e-01 7.316257116888191803e+00 5.387387396407302548e-02
4.757584000000000257e-01 7.096694815448301163e+00 5.250486169280222520e-02
4.804723000000000188e-01 7.043118682075818704e+00 5.173260969140780485e-02
4.851861000000000090e-01 6.878210005212409328e+00 5.103802547476341683e-02
4.898998999999999993e-01 6.691482269513926440e+00 5.044727822436066017e-02
4.946136999999999895e-01 6.602343271598908991e+00 5.002204556333988972e-02
4.993274999999999797e-01 6.287979217650526920e+00 4.948858973376263348e-02
5.040413000000000254e-01 6.233168188363323203e+00 4.910057105046647385e-02
5.087551000000000156e-01 6.147984767070620471e+00 4.878098840690700544e-02
5.134689000000000059e-01 5.943772047335152742e+00 4.840651520257447521e-02
5.181826999999999961e-01 5.814978264594720336e+00 4.809479336356770746e-02
5.228966000000000447e-01 5.637148452078446503e+00 4.772622958983396141e-02
5.276104000000000349e-01 5.563647104508732788e+00 4.747568689653051260e-02
5.323242000000000251e-01 5.449263614640383224e+00 4.712323436760839507e-02
5.370380000000000154e-01 5.334306939992195851e+00 4.671415415200464577e-02
5.417518000000000056e-01 5.175783338545748791e+00 4.624552780018897219e-02
5.464655999999999958e-01 5.099955800918708704e+00 4.588662943260921057e-02
5.511793999999999860e-01 5.024080437679191213e+00 4.554180919394575783e-02
5.558931999999999762e-01 4.881194080173345107e+00 4.515706575087662794e-02
5.606071000000000248e-01 4.819537375065110929e+00 4.480654294577451208e-02
5.653209000000000151e-01 4.678503737294796849e+00 4.441727339026738108e-02
5.700347000000000053e-01 4.582420129658578034e+00 4.409642712652500629e-02
5.747484999999999955e-01 4.483212879365361836e+00 4.377818415243837219e-02
5.794622999999999857e-01 4.449129687744392214e+00 4.352549948137710012e-02
5.841760999999999759e-01 4.384133359232506244e+00 4.329822565746121316e-02
5.888898999999999662e-01 4.324088892689571750e+00 4.313191198152122041e-02
5.936036999999999564e-01 4.179736372980213055e+00 4.293302395435046742e-02
5.983174999999999466e-01 4.164341989347111195e+00 4.285162221671856564e-02
6.030313999999999952e-01 4.079884813982265435e+00 4.269243391420757955e-02
6.077451999999999854e-01 4.026827685366193954e+00 4.252531233969498309e-02
6.124589999999999756e-01 3.913703119136057840e+00 4.236505663356949364e-02
6.171727999999999659e-01 3.810129751433434908e+00 4.219205270318209661e-02
6.218865999999999561e-01 3.801630853205674843e+00 4.205138056031520327e-02
6.266003999999999463e-01 3.718680211102432853e+00 4.191322618631394131e-02
6.313142000000000476e-01 3.651797392982825574e+00 4.178013121937915880e-02
6.360280000000000378e-01 3.578326416796980158e+00 4.164526877738871508e-02
6.407418999999999754e-01 3.561733443445378899e+00 4.150642854227757500e-02
6.454556999999999656e-01 3.452570079163428840e+00 4.135079064235409191e-02
6.501694999999999558e-01 3.413247818445407589e+00 4.124063959636268401e-02
6.548832999999999460e-01 3.351686065936927417e+00 4.111739485868095428e-02
6.595971000000000473e-01 3.303838561701846199e+00 4.097173252225611711e-02
6.643109000000000375e-01 3.269783188037504562e+00 4.085211989581282593e-02
6.690247000000000277e-01 3.242923563819358534e+00 4.075988020496585512e-02
6.737385000000000179e-01 3.199042496905178723e+00 4.064283011215395758e-02
6.784523000000000081e-01 3.156099592129251619e+00 4.051620305289952567e-02
6.831661999999999457e-01 3.086183396045048877e+00 4.037740831746332998e-02
6.878800000000000470e-01 2.993297164777205310e+00 4.023845207608272440e-02
6.925938000000000372e-01 2.951931284043526116e+00 4.012423893866925301e-02
6.973076000000000274e-01 2.906952597243909864e+00 4.000854874508456144e-02
7.020214000000000176e-01 2.884037405362272821e+00 3.990098598185922579e-02
7.067352000000000078e-01 2.931610285379180336e+00 3.984422632081099230e-02
7.114489999999999981e-01 2.893537974491824372e+00 3.975383849079795751e-02
7.161627999999999883e-01 2.810550777137059697e+00 3.959806501358170694e-02
7.208767000000000369e-01 2.674137679176386673e+00 3.941924507609078504e-02
7.255905000000000271e-01 2.700776680674990882e+00 3.936757619964857680e-02
7.303043000000000173e-01 2.691500220549931655e+00 3.927587805277243244e-02
7.350181000000000076e-01 2.651536087275137010e+00 3.917849256329553054e-02
7.397318999999999978e-01 2.624108853759481885e+00 3.904944537378616382e-02
7.444456999999999880e-01 2.606646335027345440e+00 3.897970723933939091e-02
7.491594999999999782e-01 2.543459699146469077e+00 3.885293344080213013e-02
7.538732999999999684e-01 2.562560747491549495e+00 3.879480858534082449e-02
7.585870999999999587e-01 2.540335351511616935e+00 3.869140334798133046e-02
7.633010000000000073e-01 2.504819415070382416e+00 3.858684812442421397e-02
7.680147999999999975e-01 2.446220734460543778e+00 3.847214167334491591e-02
7.727285999999999877e-01 2.424674783359442198e+00 3.839870741527733750e-02
7.774423999999999779e-01 2.385420345321873636e+00 3.830467420874194423e-02
7.821561999999999681e-01 2.337558312320833220e+00 3.823607231388955613e-02
7.868699999999999584e-01 2.338065731528543356e+00 3.812754575642260391e-02
7.915837999999999486e-01 2.301610674029175296e+00 3.801057928967303129e-02
7.962976000000000498e-01 2.314916296748763980e+00 3.792939311961832788e-02
8.010114999999999874e-01 2.257300992963239938e+00 3.781679908747413027e-02
8.057252999999999776e-01 2.265870376107619766e+00 3.774566078844662775e-02
8.104390999999999678e-01 2.219275942468033502e+00 3.767041075518443721e-02
8.151528999999999581e-01 2.225801538799837775e+00 3.759532706490591875e-02
8.198666999999999483e-01 2.199367137249131243e+00 3.751968168546899324e-02
8.245805000000000495e-01 2.168383254332812538e+00 3.739793633485507390e-02
8.292943000000000398e-01 2.076936550527748171e+00 3.726276694529714190e-02
8.340081000000000300e-01 2.100167252736520940e+00 3.720844247567386270e-02
8.387219000000000202e-01 2.104550151159740867e+00 3.715050861171934754e-02
8.434357999999999578e-01 2.103718765148546499e+00 3.708497539658014985e-02
8.481495999999999480e-01 2.015670732505864038e+00 3.695323467312418980e-02
8.528634000000000492e-01 1.999187014594765222e+00 3.686800366486322339e-02
8.575772000000000395e-01 1.975109892168350312e+00 3.676895016614533523e-02
8.622910000000000297e-01 1.942279018438897831e+00 3.669613980823462768e-02
8.670048000000000199e-01 1.907570890181126133e+00 3.660859716410323067e-02
8.717186000000000101e-01 1.881539061115464762e+00 3.652090112771560343e-02
8.764324000000000003e-01 1.867524791015157781e+00 3.642305458810848884e-02
8.811461999999999906e-01 1.884761029612978644e+00 3.636629949923352728e-02
8.858601000000000392e-01 1.856112052710440219e+00 3.629446623125220234e-02
8.905739000000000294e-01 1.795227127313030024e+00 3.620417256731711664e-02
8.952877000000000196e-01 1.801011708854568960e+00 3.611803496537197011e-02
9.000015000000000098e-01 1.747527256971600496e+00 3.602401808878991085e-02
9.047153000000000000e-01 1.718801463708651944e+00 3.594132732614661180e-02
9.094290999999999903e-01 1.670602701654958722e+00 3.585679995333924258e-02
9.141428999999999805e-01 1.703023540689356352e+00 3.580194895417243561e-02
9.188566999999999707e-01 1.641167672335160255e+00 3.569790573777290033e-02
9.235706000000000193e-01 1.645096383404977658e+00 3.563791025706497528e-02
9.282844000000000095e-01 1.631190969670314628e+00 3.556864191400187225e-02
9.329981999999999998e-01 1.570105813461043498e+00 3.546423633421890570e-02
9.377119999999999900e-01 1.621880965272341824e+00 3.541580761564135788e-02
9.424257999999999802e-01 1.570907374413611057e+00 3.533376731783536423e-02
9.471395999999999704e-01 1.566770234069604806e+00 3.527526304973140764e-02
9.518533999999999606e-01 1.573340358841550435e+00 3.520479083396663850e-02
9.565671999999999509e-01 1.498617390213725642e+00 3.509948867448041410e-02
9.612810000000000521e-01 1.429858297823789703e+00 3.500174511308107306e-02
9.659948999999999897e-01 1.434721357505851058e+00 3.494942789775857400e-02
9.707086999999999799e-01 1.472715873566608380e+00 3.491016790180238860e-02
9.754224999999999701e-01 1.451392885880864903e+00 3.482997043666503922e-02
9.801362999999999603e-01 1.429152632753450947e+00 3.474961628372421479e-02
9.848500999999999506e-01 1.378283223872877494e+00 3.466601246552242915e-02
9.895639000000000518e-01 1.383716549387585815e+00 3.461204278831357672e-02
9.942777000000000420e-01 1.323413799029175886e+00 3.450395250306818873e-02
9.989915000000000322e-01 1.324491387477191529e+00 3.445433042278166214e-02
1.003705000000000069e+00 1.292774992344280838e+00 3.437357347779594618e-02
1.008418999999999954e+00 1.265723759610335231e+00 3.430481677913902600e-02
1.013133000000000061e+00 1.263192185952560997e+00 3.422791335086333708e-02
1.017846999999999946e+00 1.265005234395390366e+00 3.417935067533368898e-02
1.022561000000000053e+00 1.225211550364877278e+00 3.410722888258411328e-02
1.027274000000000020e+00 1.180203798703443274e+00 3.402375170098585061e-02
1.031987999999999905e+00 1.214139246970246777e+00 3.397062842174065900e-02
1.036702000000000012e+00 1.187228698364607427e+00 3.389288848067079085e-02
1.041415999999999897e+00 1.151366572354732831e+00 3.383845757085169464e-02
1.046130000000000004e+00 1.144994768862371171e+00 3.379339548918514763e-02
1.050842999999999972e+00 1.140153449472233183e+00 3.370666383747376177e-02
1.055557000000000079e+00 1.156555701394288649e+00 3.366014405945483290e-02
1.060270999999999963e+00 1.138840627606200195e+00 3.359831577984250667e-02
1.064985000000000070e+00 1.072257306163710622e+00 3.350735580911513162e-02
1.069698999999999955e+00 1.050570862815999762e+00 3.343454671252363286e-02
1.074413000000000062e+00 1.040566905134218123e+00 3.336650961573750518e-02
1.079126000000000030e+00 1.055515982049770152e+00 3.333287297295789431e-02
1.083839999999999915e+00 1.038345852879827502e+00 3.328855942861961431e-02
1.088554000000000022e+00 1.028160618158681094e+00 3.322068575312343841e-02
1.093267999999999907e+00 9.955569300560179746e-01 3.312541484851345280e-02
1.097982000000000014e+00 1.028348656339585832e+00 3.309981161468901478e-02
1.102694999999999981e+00 1.040379251205346689e+00 3.306246066897258751e-02
1.107409000000000088e+00 9.830743359069815668e-01 3.297482660332787946e-02
1.112122999999999973e+00 9.140289524693679946e-01 3.287230820811137821e-02
1.116837000000000080e+00 8.742414275475600682e-01 3.279410613112206802e-02
1.121550999999999965e+00 8.801496558183624641e-01 3.276238381976329800e-02
1.126263999999999932e+00 8.949842380114999552e-01 3.271509511301123191e-02
1.130978000000000039e+00 9.023685017591952517e-01 3.264647270320395617e-02
1.135691999999999924e+00 8.954145883828458219e-01 3.260298630366600253e-02
1.140406000000000031e+00 8.802046755277729284e-01 3.255206458834045830e-02
1.145119999999999916e+00 8.669642163473928465e-01 3.249806989239643201e-02
1.149834000000000023e+00 8.322164694096650939e-01 3.240819179742876477e-02
1.154546999999999990e+00 7.836821629854311411e-01 3.233989718393044666e-02
1.159261000000000097e+00 8.057443837959294974e-01 3.230934745837146099e-02
1.163974999999999982e+00 8.044862069976642660e-01 3.226252227848285664e-02
1.168689000000000089e+00 7.952436600860018912e-01 3.222250644040675766e-02
1.173402999999999974e+00 7.944337830661519773e-01 3.216653032012704166e-02
1.178115999999999941e+00 7.445226871579503358e-01 3.207415861797297679e-02
1.182830000000000048e+00 7.427059851446905503e-01 3.202247368873237937e-02
1.187543999999999933e+00 7.256738768895081293e-01 3.194601443676687441e-02
1.192258000000000040e+00 7.389023988467015025e-01 3.190378843485156685e-02
1.196971999999999925e+00 7.130991226869989319e-01 3.186284515300976533e-02
1.201684999999999892e+00 7.616659566392899317e-01 3.186565402939721403e-02
1.206398999999999999e+00 6.604039195660983408e-01 3.185687176142266291e-02
1.211113000000000106e+00 7.018492253062508235e-01 3.283684675760173421e-02
1.215826999999999991e+00 6.713498318999286951e-01 3.353083562720037686e-02
1.220541000000000098e+00 6.627351672856444109e-01 3.403149620140716314e-02
1.225254999999999983e+00 6.531071755277443325e-01 3.444600934701563116e-02
1.229967999999999950e+00 6.218104767721536197e-01 3.480581622611766957e-02
1.234682000000000057e+00 6.602378578642077445e-01 3.517263645509954850e-02
1.239395999999999942e+00 6.385552949896048380e-01 3.549043839483650292e-02
1.244110000000000049e+00 5.816781552970783364e-01 3.575104046417123399e-02
1.248823999999999934e+00 6.588593507297143548e-01 3.608673310445821569e-02
1.253536999999999901e+00 6.117152182694290952e-01 3.633035551682651382e-02
1.258251000000000008e+00 6.104250276909350958e-01 3.652894856578293992e-02
1.262964999999999893e+00 5.298363967618159309e-01 3.656902097248736910e-02
1.267679000000000000e+00 5.402689790200517761e-01 3.663273479716908781e-02
1.272393000000000107e+00 5.697502223416456291e-01 3.646760085851905725e-02
1.277106000000000074e+00 5.781364308053219547e-01 3.518918683330771874e-02
1.281819999999999959e+00 5.813867013617466384e-01 3.439229737910382001e-02
1.286534000000000066e+00 5.207373915167826661e-01 3.379861145701805458e-02
1.291247999999999951e+00 5.349753414124874817e-01 3.339049731041815461e-02
1.295962000000000058e+00 5.709307494461512977e-01 3.306051148841700899e-02
1.300675000000000026e+00 5.364107227325637384e-01 3.274814342509784620e-02
1.305388999999999911e+00 5.163619693119699816e-01 3.245751342417605573e-02
1.310103000000000018e+00 4.883809657610282406e-01 3.219908353415817243e-02
1.314816999999999902e+00 5.020019220745436384e-01 3.199129748650800242e-02
1.319531000000000009e+00 5.149061900573738138e-01 3.181216652896693559e-02
1.324244999999999894e+00 4.764580924224625647e-01 3.168116089676795838e-02
1.328958000000000084e+00 4.423271041828963912e-01 3.157537836943040410e-02
1.333671999999999969e+00 5.064842344279091302e-01 3.154061861041047160e-02
1.338386000000000076e+00 4.440331487816026601e-01 3.144195523857186425e-02
1.343099999999999961e+00 4.227668007232491809e-01 3.135517944322102624e-02
1.347814000000000068e+00 4.431498201719752950e-01 3.128514030777766047e-02
1.352527000000000035e+00 4.364606864086406079e-01 3.123032891897492211e-02
1.357240999999999920e+00 4.656318808639165474e-01 3.118252376098662459e-02
1.361955000000000027e+00 4.415793218985541446e-01 3.110257318710363608e-02
1.366668999999999912e+00 4.894503347341649380e-01 3.106483277428069220e-02
1.371383000000000019e+00 4.397162607505527565e-01 3.097776743213777675e-02
1.376095999999999986e+00 4.428010392233535097e-01 3.092971562306955080e-02
1.380810000000000093e+00 4.275827739770731717e-01 3.085950142623676909e-02
1.385523999999999978e+00 3.841921346429443829e-01 3.077345344213852987e-02
1.390238000000000085e+00 4.067464540982595467e-01 3.073301196931950419e-02
1.394951999999999970e+00 4.352781020328018724e-01 3.070001396737195506e-02
1.399666000000000077e+00 3.980999293067340461e-01 3.063332520883313079e-02
1.404379000000000044e+00 3.464277485665913647e-01 3.054042567768914043e-02
1.409092999999999929e+00 3.552482134480117737e-01 3.049112935807281669e-02
1.413807000000000036e+00 3.615424128551463778e-01 3.045298286154664649e-02
1.418520999999999921e+00 3.230194652397291311e-01 3.037566701673298508e-02
1.423235000000000028e+00 3.647895745373876397e-01 3.033411120219035861e-02
1.427947999999999995e+00 3.406858879007156893e-01 3.027996766985654661e-02
1.432662000000000102e+00 3.530738625553082599e-01 3.024875684277809548e-02
1.437375999999999987e+00 4.044336936408423622e-01 3.022462122990318689e-02
1.442090000000000094e+00 3.565708800821107416e-01 3.014984842229594120e-02
1.446803999999999979e+00 3.577858219311718657e-01 3.009944961797308971e-02
1.451516999999999946e+00 3.537334437711663893e-01 3.005028246184794985e-02
1.456231000000000053e+00 3.626465809877483237e-01 3.001004505529535071e-02
1.460944999999999938e+00 3.527053319650599317e-01 2.995997997305331617e-02
1.465659000000000045e+00 3.093914492116403570e-01 2.989331457471483197e-02
1.470372999999999930e+00 2.903472209734315190e-01 2.983416837110957134e-02
1.475087000000000037e+00 3.290102891255597406e-01 2.981046979305382316e-02
1.479800000000000004e+00 3.445589575189298981e-01 2.977495095821025214e-02
1.484513999999999889e+00 3.657153293588867871e-01 2.973282186809897421e-02
1.489227999999999996e+00 3.304939125618732709e-01 2.967935544490157840e-02
1.493942000000000103e+00 2.975092578837260082e-01 2.962326793174644216e-02
1.498655999999999988e+00 2.482890827795440902e-01 2.956437458579413979e-02
1.503368999999999955e+00 2.658426555577309003e-01 2.974519015464933969e-02
1.508083000000000062e+00 2.868389417187625079e-01 3.064050039631033284e-02
1.512796999999999947e+00 2.518959442598145415e-01 3.122293018839158996e-02
1.517511000000000054e+00 2.990731815220705747e-01 3.169209532038404914e-02
1.522224999999999939e+00 2.973105775997411104e-01 3.206721007485895808e-02
1.526937999999999906e+00 2.914047626726546381e-01 3.239961738711565759e-02
1.531652000000000013e+00 2.574727487295356276e-01 3.224337711179715155e-02
1.536365999999999898e+00 3.167115964620783597e-01 3.147171705014935317e-02
1.541080000000000005e+00 2.935076304730565577e-01 3.102573675228709540e-02
1.545793999999999890e+00 2.601662470680185524e-01 3.065581969946726271e-02
1.550507999999999997e+00 2.590514913995919932e-01 3.035331323259668479e-02
1.555220999999999965e+00 2.627356777755864847e-01 3.009214719652791858e-02
1.559935000000000072e+00 2.932764974263892821e-01 2.981170859674006982e-02
1.564648999999999957e+00 2.781549560203491200e-01 2.950810105016497473e-02
1.569363000000000063e+00 2.560456326557173923e-01 2.926373978557706909e-02
1.574076999999999948e+00 2.672985581183120463e-01 2.912415254879399326e-02
1.578789999999999916e+00 2.277220196442798772e-01 2.900469561183882314e-02
1.583504000000000023e+00 2.800231740291863614e-01 2.898863969312122715e-02
1.588217999999999908e+00 2.713998473742397777e-01 2.900209561767684921e-02
1.592932000000000015e+00 2.234338526192457264e-01 2.901799291621679280e-02
1.597645999999999900e+00 2.306434981756504410e-01 2.905402942449059403e-02
1.602359000000000089e+00 2.332400255734086159e-01 2.906532825271773701e-02
1.607072999999999974e+00 2.182050154743664372e-01 2.901727793665835956e-02
1.611787000000000081e+00 2.297016329489199593e-01 2.897820287702662298e-02
1.616500999999999966e+00 2.054331315154884763e-01 2.891225564468028961e-02
1.621215000000000073e+00 2.191717095061009035e-01 2.886649489250212378e-02
1.625928000000000040e+00 2.258341669924803785e-01 2.882888156621907574e-02
1.630641999999999925e+00 2.358589018112562385e-01 2.879478514916300816e-02
1.635356000000000032e+00 2.469017987685506732e-01 2.874904226732065415e-02
1.640069999999999917e+00 2.071288110828626294e-01 2.868075855824447559e-02
1.644784000000000024e+00 1.983608703088264313e-01 2.864504250494007143e-02
1.649497999999999909e+00 2.319034796064572690e-01 2.861940298268261795e-02
1.654211000000000098e+00 1.841597898749351148e-01 2.854833771109896445e-02
1.658924999999999983e+00 1.973681782642703608e-01 2.850367228194648425e-02
1.663639000000000090e+00 2.016916598253813697e-01 2.846717215744970844e-02
1.668352999999999975e+00 2.153842818282912519e-01 2.843781243807597461e-02
1.673067000000000082e+00 2.229953342455562593e-01 2.840132501488073016e-02
1.677780000000000049e+00 2.353883018960315210e-01 2.835717839917038796e-02
1.682493999999999934e+00 2.022707066067656323e-01 2.830615822557182304e-02
1.687208000000000041e+00 1.779771888845603500e-01 2.825647286327841179e-02
1.691921999999999926e+00 1.973249573234019394e-01 2.822884665837290322e-02
1.696636000000000033e+00 2.354451620732529449e-01 2.820280752568688279e-02
1.701349000000000000e+00 1.677050957779517848e-01 2.813119795816111657e-02
1.706063000000000107e+00 1.308577629006912879e-01 2.807597180918161572e-02
1.710776999999999992e+00 1.654470672074548343e-01 2.805591823134357884e-02
1.715491000000000099e+00 2.136124721462461518e-01 2.803936948420377231e-02
1.720204999999999984e+00 2.252473841868836979e-01 2.800503509362240948e-02
1.724919000000000091e+00 2.099651858548385874e-01 2.796451416300882800e-02
1.729632000000000058e+00 2.204236525931665691e-01 2.793450253867897290e-02
1.734345999999999943e+00 2.012248154482042251e-01 2.788527882778259540e-02
1.739060000000000050e+00 1.974312589588000932e-01 2.784194687757689246e-02
1.743773999999999935e+00 1.996095351185314115e-01 2.780929931273802211e-02
1.748488000000000042e+00 1.485855000651472579e-01 2.775088270805432800e-02
1.753201000000000009e+00 1.791455165167960273e-01 2.772157472061483399e-02
1.757914999999999894e+00 1.382081303753255330e-01 2.767100008842243372e-02
1.762629000000000001e+00 1.524480357375491424e-01 2.764688848954709177e-02
1.767343000000000108e+00 1.828375319259178955e-01 2.762433296166702523e-02
1.772056999999999993e+00 2.013296142819857304e-01 2.759711711530679276e-02
1.776769999999999960e+00 1.914820724198428026e-01 2.757144407970084019e-02
1.781484000000000067e+00 2.237274236056518151e-01 2.754879102367731661e-02
1.786197999999999952e+00 1.769720326752256268e-01 2.748189577193067487e-02
1.790912000000000059e+00 1.944437511402377083e-01 2.746014929503649490e-02
1.795625999999999944e+00 1.696956986252576571e-01 2.740870920514341946e-02
1.800340000000000051e+00 1.775865616041204242e-01 2.737426804501208108e-02
1.805053000000000019e+00 1.935927381418231230e-01 2.735343950001637228e-02
1.809766999999999904e+00 1.480298219637516122e-01 2.730267304076317361e-02
1.814481000000000011e+00 1.704169079033351630e-01 2.727062691037692929e-02
1.819194999999999895e+00 1.496881300495139511e-01 2.723154998579957811e-02
1.823909000000000002e+00 1.281545890344277794e-01 2.719100404178315458e-02
1.828621999999999970e+00 1.402115405916407875e-01 2.716456649794844747e-02
1.833336000000000077e+00 1.837028870210929699e-01 2.714574294968641333e-02
1.838049999999999962e+00 1.624563568543631875e-01 2.710278640927256746e-02
1.842764000000000069e+00 1.915103567240409033e-01 2.708135858617268313e-02
1.847477999999999954e+00 1.066371906763112082e-01 2.701759749395032592e-02
1.852190999999999921e+00 1.704997367735102409e-01 2.702810538713264557e-02
1.856905000000000028e+00 1.596912402267028630e-01 2.697096847374061412e-02
1.861618999999999913e+00 1.440607136109480491e-01 2.692887779562862585e-02
1.866333000000000020e+00 1.541152860307136441e-01 2.690755168636457806e-02
1.871046999999999905e+00 1.603622831965224871e-01 2.686990953187035069e-02
1.875761000000000012e+00 1.397773853271032374e-01 2.682901641587850591e-02
1.880473999999999979e+00 1.574605000651462527e-01 2.681045050047649314e-02
1.885188000000000086e+00 1.297390140408998249e-01 2.676742891183706008e-02
1.889901999999999971e+00 1.599946312222897404e-01 2.674540228554241408e-02
1.894616000000000078e+00 1.312511799583314931e-01 2.669642361807883849e-02
1.899329999999999963e+00 1.181305202632261936e-01 2.666478417474314397e-02
1.904042999999999930e+00 1.570657810463908233e-01 2.665167522638629480e-02
1.908757000000000037e+00 1.529148291308501106e-01 2.661846509228925003e-02
1.913470999999999922e+00 1.410697359590693534e-01 2.657842282770732714e-02
1.918185000000000029e+00 1.171294408066011900e-01 2.653987479575394340e-02
1.922898999999999914e+00 1.299140962991716108e-01 2.651956232753259826e-02
1.927612000000000103e+00 1.293456862457559586e-01 2.648538301755809510e-02
1.932325999999999988e+00 1.216602019807412755e-01 2.642873260231650909e-02
1.937040000000000095e+00 1.368642368712489343e-01 2.637054451410257572e-02
1.941753999999999980e+00 1.185136237620354471e-01 2.628910901156377225e-02
1.946468000000000087e+00 1.036661633437475222e-01 2.621841137587511972e-02
1.951181000000000054e+00 1.433764487229776119e-01 2.617374427498933565e-02
1.955894999999999939e+00 1.297886056815038547e-01 2.613874480100736655e-02
1.960609000000000046e+00 1.414572462209943426e-01 2.611383601093290527e-02
1.965322999999999931e+00 1.478000037464426430e-01 2.609001605297533999e-02
1.970037000000000038e+00 1.597557088871547071e-01 2.607597420436922123e-02
1.974750999999999923e+00 1.032315844084280981e-01 2.604408153044442467e-02
1.979463999999999890e+00 1.438243877052168551e-01 2.607149004764071007e-02
1.984177999999999997e+00 1.657897142949809888e-01 2.608445423237995206e-02
1.988892000000000104e+00 1.138051408978422163e-01 2.606539973875017860e-02
1.993605999999999989e+00 1.474243525215019057e-01 2.608060530315254102e-02
1.998320000000000096e+00 1.177861887542271530e-01 2.603602486517906170e-02
2.003032999999999841e+00 9.408671422983960753e-02 2.599833821119701058e-02
2.007747000000000170e+00 1.253892743354328709e-01 2.599256034394034631e-02
2.012461000000000055e+00 1.287516982668556464e-01 2.616455577117898779e-02
2.017174999999999940e+00 1.216211584571188914e-01 2.687879566501187936e-02
2.021888999999999825e+00 1.304751322647697831e-01 2.734230853909683234e-02
2.026602000000000015e+00 1.015445790982719282e-01 2.767270556719686123e-02
2.031315999999999899e+00 1.153614454652174270e-01 2.796363622234590909e-02
2.036029999999999784e+00 1.107791283880560779e-01 2.821330455006584859e-02
2.040744000000000113e+00 1.137524159499301302e-01 2.846262921398838575e-02
2.045457999999999998e+00 8.660852602948058976e-02 2.858620057560804298e-02
2.050171999999999883e+00 1.042642595126161975e-01 2.867555931366190525e-02
2.054885000000000073e+00 1.028268181521867497e-01 2.875934454178881092e-02
2.059598999999999958e+00 1.070319821800648635e-01 2.883979328310046220e-02
2.064312999999999843e+00 1.248114720159165109e-01 2.891621525133146811e-02
2.069027000000000172e+00 1.126849988598161295e-01 2.897114668824371866e-02
2.073741000000000057e+00 1.902282882134481434e-01 2.907762343733126878e-02
2.078453999999999802e+00 9.399166617795289003e-02 2.870520839165016311e-02
2.083168000000000131e+00 1.024034436083151450e-01 2.790000126415631901e-02
2.087882000000000016e+00 1.401557163799952155e-01 2.742686249904971105e-02
2.092595999999999901e+00 1.054116349035657957e-01 2.709053928307877945e-02
2.097309999999999786e+00 1.301751985600896333e-01 2.684009350385349602e-02
2.102022999999999975e+00 7.884862131872065472e-02 2.659166007011205812e-02
2.106736999999999860e+00 9.136934665754876950e-02 2.640341219466700584e-02
2.111451000000000189e+00 1.001204267656812252e-01 2.631621831829484073e-02
2.116165000000000074e+00 8.793473123533572522e-02 2.624749637323815429e-02
2.120878999999999959e+00 9.788658945789115162e-02 2.618976209287121604e-02
2.125592999999999844e+00 9.898368891709859174e-02 2.612150163041847620e-02
2.130306000000000033e+00 6.064567549518636719e-02 2.605139549030032267e-02
2.135019999999999918e+00 1.116022550169326610e-01 2.602987630781111381e-02
2.139733999999999803e+00 1.260590298410234900e-01 2.598299775758308727e-02
2.144448000000000132e+00 8.550012900698500395e-02 2.591524752735144266e-02
2.149162000000000017e+00 1.173146556554437864e-01 2.588577254787162440e-02
2.153875000000000206e+00 8.528571735730916537e-02 2.582366990096477202e-02
2.158589000000000091e+00 7.312477961296874607e-02 2.578235216423890516e-02
2.163302999999999976e+00 1.066847139692412849e-01 2.575124861363799547e-02
2.168016999999999861e+00 9.699562744327831776e-02 2.570625848273262737e-02
2.172731000000000190e+00 1.249933023846873520e-01 2.567883353139156430e-02
2.177443999999999935e+00 7.672975974069699834e-02 2.562139908455178527e-02
2.182157999999999820e+00 7.026943917776133641e-02 2.557505680485780766e-02
2.186872000000000149e+00 7.200289011595677191e-02 2.553723553982281333e-02
2.191586000000000034e+00 1.247481841281758985e-01 2.552493331030436519e-02
2.196299999999999919e+00 9.954723074666553539e-02 2.548606612576300931e-02
2.201013999999999804e+00 5.833890865257414932e-02 2.542920785498971326e-02
2.205726999999999993e+00 8.408166047691205403e-02 2.539694011542803845e-02
2.210440999999999878e+00 9.092944976543455848e-02 2.536876607306954787e-02
2.215155000000000207e+00 9.762420543392980044e-02 2.533860190545696167e-02
2.219869000000000092e+00 9.742250032577033647e-02 2.531274298653899205e-02
2.224582999999999977e+00 5.830989819524930867e-02 2.526220831339399606e-02
2.229296000000000166e+00 7.232007281075825134e-02 2.523336365317156368e-02
2.234010000000000051e+00 1.304203932108286279e-01 2.522713222946084896e-02
2.238723999999999936e+00 1.244271032056056131e-01 2.519533550581519107e-02
2.243437999999999821e+00 9.761464604510934617e-02 2.514477115573774194e-02
2.248152000000000150e+00 9.388080271043801328e-02 2.510696583416628658e-02
2.252864999999999895e+00 8.425078984229920909e-02 2.507740890552387358e-02
2.257578999999999780e+00 8.367227505214429317e-02 2.505083588864509200e-02
2.262293000000000109e+00 8.543248012769577571e-02 2.501693151526684922e-02
2.267006999999999994e+00 5.055270670444111936e-02 2.496661344284600847e-02
2.271720999999999879e+00 7.170236431458272552e-02 2.495263460766132882e-02
2.276435000000000208e+00 6.623847357964351978e-02 2.492556925810662793e-02
2.281147999999999954e+00 1.091288609264908782e-01 2.490212954315081453e-02
2.285861999999999838e+00 9.866654841021804678e-02 2.487147777768318815e-02
2.290576000000000167e+00 9.021772706543511322e-02 2.484369060848394192e-02
2.295290000000000052e+00 5.586918702760357291e-02 2.480081086280466404e-02
2.300003999999999937e+00 1.024511187124916844e-01 2.478588742583665017e-02
2.304717000000000127e+00 4.483046732472920765e-02 2.473343941535171078e-02
2.309431000000000012e+00 7.700219132789250243e-02 2.472239452887416145e-02
2.314144999999999897e+00 7.219623534014589505e-02 2.469568541525198405e-02
2.318858999999999781e+00 9.941250065156596871e-02 2.467722567096253608e-02
2.323573000000000111e+00 1.047809574537907906e-01 2.465145269054297775e-02
2.328285999999999856e+00 1.088969909760442861e-01 2.462935752234034562e-02
2.333000000000000185e+00 1.346894429241023428e-01 2.461140892187863027e-02
2.337714000000000070e+00 6.543418181523878718e-02 2.455634111038932157e-02
2.342427999999999955e+00 7.285890897834934599e-02 2.452460874699900761e-02
2.347141999999999840e+00 7.056253648683503965e-02 2.450292254946466464e-02
2.351855000000000029e+00 1.194999133437391753e-01 2.450194864595238095e-02
2.356568999999999914e+00 9.457783457129849414e-02 2.446432845504491194e-02
2.361282999999999799e+00 9.736572387281687557e-02 2.443062303881807576e-02
2.365997000000000128e+00 1.283958887151676331e-01 2.442080734502688824e-02
2.370711000000000013e+00 7.122417741727786467e-02 2.437086299883732196e-02
2.375424999999999898e+00 8.213054779123891980e-02 2.435299864331141526e-02
2.380138000000000087e+00 7.153800397447314385e-02 2.431661243649288831e-02
2.384851999999999972e+00 6.670613272090308854e-02 2.429016389348137225e-02
2.389565999999999857e+00 1.077608380571010577e-01 2.428759417161205011e-02
2.394280000000000186e+00 7.895711102422597882e-02 2.424947448271029191e-02
2.398994000000000071e+00 8.820572957387799728e-02 2.422409871435614662e-02
2.403706999999999816e+00 1.295318808639774610e-01 2.421861474937178973e-02
2.408421000000000145e+00 7.782338317696946284e-02 2.417391650519066723e-02
2.413135000000000030e+00 7.292716314833265490e-02 2.414952050371380055e-02
2.417848999999999915e+00 6.048994624705236051e-02 2.411058523627104475e-02
2.422562999999999800e+00 7.128422204848905430e-02 2.409195135144188635e-02
2.427275999999999989e+00 9.922271175394918596e-02 2.408758676926588127e-02
2.431989999999999874e+00 8.021673426507532068e-02 2.405498655753457102e-02
2.436704000000000203e+00 9.185849231173108531e-02 2.403169296785698239e-02
2.441418000000000088e+00 7.519659141251729129e-02 2.400061328300286470e-02
2.446131999999999973e+00 9.293958170447254308e-02 2.398397863557174756e-02
2.450845999999999858e+00 7.325738565286044057e-02 2.395711562947293316e-02
2.455559000000000047e+00 3.622471120013556062e-02 2.391716900076721122e-02
2.460272999999999932e+00 7.270877345580679940e-02 2.390893063562767387e-02
2.464986999999999817e+00 6.003574423377577851e-02 2.387549789469434192e-02
2.469701000000000146e+00 7.628066523327969861e-02 2.386202045931217278e-02
2.474415000000000031e+00 4.932845647643543247e-02 2.382290029418237046e-02
2.479128000000000220e+00 6.487220110114592930e-02 2.380744574004514322e-02
2.483842000000000105e+00 6.096826459472278609e-02 2.378127738166203528e-02
2.488555999999999990e+00 6.217677694161275609e-02 2.376344585547113253e-02
2.493269999999999875e+00 4.901926586517194734e-02 2.373171555067421154e-02
2.497984000000000204e+00 2.957401729869942389e-02 2.369783768734518362e-02
2.502696999999999949e+00 3.236731675136991088e-02 2.368035529390717306e-02
2.507410999999999834e+00 5.561765620930877313e-02 2.366499860151301607e-02
2.512125000000000163e+00 3.262122344929041518e-02 2.362943528564028298e-02
2.516839000000000048e+00 6.640227114280294884e-02 2.359380299294037975e-02
2.521552999999999933e+00 8.762338724917768940e-02 2.356036288363332412e-02
2.526266999999999818e+00 5.018480029971398443e-02 2.349631663805378315e-02
2.530980000000000008e+00 7.368538017978210064e-02 2.347304908363396017e-02
2.535693999999999892e+00 9.701676081572492560e-02 2.344887813690621145e-02
2.540408000000000222e+00 6.474491301793701414e-02 2.341722150410037104e-02
2.545122000000000106e+00 1.004727480779181031e-01 2.341173722135133153e-02
2.549835999999999991e+00 9.616131499217110690e-02 2.338987079261261801e-02
2.554549000000000181e+00 6.597910020848181400e-02 2.335348646269412923e-02
2.559263000000000066e+00 5.643312434845793035e-02 2.332523771334154769e-02
2.563976999999999951e+00 6.451130896536290404e-02 2.331398276400195937e-02
2.568690999999999836e+00 5.873601886239118025e-02 2.330984048712611556e-02
2.573405000000000165e+00 4.283245895224100513e-02 2.330588494811267064e-02
2.578117999999999910e+00 9.198606756575615495e-02 2.333170470772175445e-02
2.582831999999999795e+00 5.953208382201339438e-02 2.331434105831326972e-02
2.587546000000000124e+00 7.345501172794170752e-02 2.330122008729241731e-02
2.592260000000000009e+00 7.949265392886821491e-02 2.327505555185051256e-02
2.596973999999999894e+00 6.709659353009282678e-02 2.325110492581704269e-02
2.601687999999999779e+00 8.390707535185863708e-02 2.323991400225094636e-02
2.606400999999999968e+00 8.098730876989261585e-02 2.321804428478944568e-02
2.611114999999999853e+00 5.770762509776875687e-02 2.318546988029934405e-02
2.615829000000000182e+00 7.493952208760323863e-02 2.316875100127914824e-02
2.620543000000000067e+00 3.778353335939410584e-02 2.313332657471095163e-02
2.625256999999999952e+00 6.086518618056424579e-02 2.312454457185755818e-02
2.629970000000000141e+00 4.797737930026032410e-02 2.310067968658893398e-02
2.634684000000000026e+00 5.310285639823941750e-02 2.308102586975624426e-02
2.639397999999999911e+00 8.016211460776097308e-02 2.308200208992798944e-02
2.644111999999999796e+00 4.008500667840553255e-02 2.303879856422706707e-02
2.648826000000000125e+00 5.072706965074994662e-02 2.301384935080399985e-02
2.653538999999999870e+00 2.574466298537310752e-02 2.298631519734682313e-02
2.658253000000000199e+00 1.970562548867042449e-02 2.296625026214649604e-02
2.662967000000000084e+00 4.702526338936885431e-02 2.295154785278849877e-02
2.667680999999999969e+00 4.242523178916565024e-02 2.293294844566938495e-02
2.672394999999999854e+00 8.337851609328028601e-02 2.293137058498204497e-02
2.677108000000000043e+00 6.695527039353588172e-02 2.289786918661202916e-02
2.681821999999999928e+00 4.738242507167293033e-02 2.287330721252759866e-02
2.686535999999999813e+00 6.367270149206527563e-02 2.286952256058459934e-02
2.691250000000000142e+00 5.932109346495720997e-02 2.284592942472997087e-02
2.695964000000000027e+00 3.452478270785438313e-02 2.281023794629966073e-02
2.700677999999999912e+00 7.148139154939710249e-02 2.280793356023317134e-02
2.705391000000000101e+00 2.903653537921465147e-02 2.277307062141489466e-02
2.710104999999999986e+00 2.084858222568993294e-02 2.274353029785872518e-02
2.714818999999999871e+00 6.311850127052671955e-02 2.274144366579220963e-02
2.719533000000000200e+00 3.312293719054260066e-02 2.271103002254577438e-02
2.724247000000000085e+00 4.146190089911305776e-02 2.270085372010651956e-02
2.728959999999999830e+00 7.788601218395996284e-02 2.269015672312366116e-02
2.733674000000000159e+00 7.872089865131830233e-02 2.267130447357158796e-02
2.738388000000000044e+00 6.235959603858646366e-02 2.264513819505310430e-02
2.743101999999999929e+00 4.118256515502801557e-02 2.261881955351015272e-02
2.747815999999999814e+00 4.574116969636610186e-02 2.259843318022168590e-02
2.752529000000000003e+00 5.870055056032626867e-02 2.258562072074432950e-02
2.757242999999999888e+00 7.693738239508089716e-02 2.257623225186642171e-02
2.761957000000000217e+00 3.956484053297722875e-02 2.254172771883957219e-02
2.766671000000000102e+00 3.543729834509967702e-02 2.251827719291371946e-02
2.771384999999999987e+00 5.471670022151401552e-02 2.250766168797882494e-02
2.776098999999999872e+00 2.301146387153048603e-02 2.247508467018747777e-02
2.780812000000000062e+00 3.369671455564534485e-02 2.246633191198893487e-02
2.785525999999999947e+00 7.326275459347475483e-02 2.245843297647759362e-02
2.790239999999999831e+00 6.266758225828324147e-02 2.243319088051032653e-02
2.794954000000000160e+00 5.574223302709691019e-02 2.241400976868168984e-02
2.799668000000000045e+00 3.653819601902733721e-02 2.239471674785001656e-02
2.804380999999999791e+00 4.839390620930505982e-02 2.238000526151885314e-02
2.809095000000000120e+00 6.969800772092453467e-02 2.237657723188772249e-02
2.813809000000000005e+00 4.641037236123798232e-02 2.238838367029382867e-02
2.818522999999999890e+00 4.755032137736544401e-02 2.267834302115651068e-02
2.823237000000000219e+00 4.951794712663818571e-02 2.318578258806691314e-02
2.827949999999999964e+00 2.691464050690139942e-02 2.348204555171874361e-02
2.832663999999999849e+00 5.679963773777566699e-02 2.374374828977718691e-02
2.837378000000000178e+00 3.888373208236731854e-02 2.393678040461484982e-02
2.842092000000000063e+00 6.975406421031449256e-02 2.407129289696923954e-02
2.846805999999999948e+00 9.600842552774564720e-02 2.415384444077799120e-02
2.851519999999999833e+00 3.253661861481779022e-02 2.419673906515791215e-02
2.856233000000000022e+00 1.925878941881808970e-02 2.426056656235641221e-02
2.860946999999999907e+00 4.354926993748509112e-02 2.432765526520838315e-02
2.865660999999999792e+00 5.758825514726595429e-02 2.438584233032979609e-02
2.870375000000000121e+00 2.931763291634796251e-02 2.443343499518247156e-02
2.875089000000000006e+00 7.383136776780212240e-02 2.450339221629511607e-02
2.879802000000000195e+00 4.949753990748387983e-02 2.454243599272703039e-02
2.884516000000000080e+00 2.957964995447167136e-02 2.400806704940788502e-02
2.889229999999999965e+00 7.253042415925170516e-03 2.351778477039659018e-02
2.893943999999999850e+00 6.455471005991235411e-02 2.324427434343979623e-02
2.898658000000000179e+00 4.291927629010486994e-02 2.301781034150778005e-02
2.903370999999999924e+00 3.459490373339094843e-02 2.284936530649833361e-02
2.908084999999999809e+00 2.365477488926474511e-02 2.276246702616048154e-02
2.912799000000000138e+00 4.307123012769594611e-02 2.271135708157749969e-02
2.917513000000000023e+00 3.199280345972610462e-02 2.266715773036233686e-02
2.922226999999999908e+00 6.752462438102369013e-02 2.263422890980995583e-02
2.926940999999999793e+00 6.199392428977223979e-02 2.258144112752955013e-02
2.931653999999999982e+00 4.898021664058971325e-02 2.253586242636400686e-02
2.936367999999999867e+00 2.853007281075981005e-02 2.248885661279371659e-02
2.941082000000000196e+00 3.416404205761791602e-02 2.245373310720633064e-02
2.945796000000000081e+00 4.601203674742696675e-02 2.242650801570598637e-02
2.950509999999999966e+00 5.018318820044909145e-02 2.239741162301495114e-02
2.955223000000000155e+00 4.562445432623615099e-02 2.237293129580722462e-02
2.959937000000000040e+00 5.060059128225624647e-02 2.233508763529011912e-02
2.964650999999999925e+00 7.204596396926528368e-02 2.231229762963850630e-02
2.969364999999999810e+00 4.947851462729965094e-02 2.226970551232780593e-02
2.974079000000000139e+00 6.208540330984376604e-02 2.224999007337679149e-02
2.978791999999999884e+00 4.166692142300468943e-02 2.221315813635342876e-02
2.983506000000000213e+00 4.586953316391095825e-02 2.218961671054189497e-02
2.988220000000000098e+00 6.656895507553513280e-02 2.217661974507442735e-02
2.992933999999999983e+00 9.088409238985928340e-02 2.216117529606237077e-02
2.997647999999999868e+00 6.926172351445185338e-02 2.212272430525589681e-02
3.002362000000000197e+00 3.851844279385652214e-02 2.208275796807170413e-02
3.007074999999999942e+00 6.508271403443048608e-02 2.207069177150927305e-02
3.011788999999999827e+00 6.888965370081945316e-02 2.205390792972641845e-02
3.016503000000000156e+00 4.457751303103293233e-02 2.201989074962553902e-02
3.021217000000000041e+00 5.340147853142614837e-02 2.199191997591458045e-02
3.025930999999999926e+00 6.244904564113899076e-02 2.197742459601228701e-02
3.030644000000000116e+00 4.350158115062659897e-02 2.194855676026080671e-02
3.035358000000000001e+00 5.980898569842888618e-02 2.193086419523350428e-02
3.040071999999999885e+00 3.705749348450374653e-02 2.190008930404980028e-02
3.044786000000000215e+00 6.999922709798396536e-02 2.189340191632291321e-02
3.049500000000000099e+00 3.826388096170626335e-02 2.185724782189997495e-02
3.054212999999999845e+00 5.729751922071561060e-02 2.184395400879295471e-02
3.058927000000000174e+00 3.913298117021982853e-02 2.181001173249680347e-02
3.063641000000000059e+00 6.818121774827383408e-02 2.179876035908500168e-02
3.068354999999999944e+00 6.894238923635016836e-02 2.178378652589677000e-02
3.073068999999999829e+00 3.479799713321270888e-02 2.175924614525728829e-02
3.077782000000000018e+00 5.481625684121974734e-02 2.174439631867786452e-02
3.082495999999999903e+00 3.079555609851751183e-02 2.170929309312304156e-02
3.087209999999999788e+00 4.971581639300167582e-02 2.169742545826808255e-02
3.091924000000000117e+00 1.559747719577334914e-02 2.166683143263067532e-02
3.096638000000000002e+00 3.612889529580054493e-02 2.164928308650081526e-02
3.101351999999999887e+00 4.057031877118329882e-02 2.163107467816271709e-02
3.106065000000000076e+00 4.841656127830532702e-02 2.161775434967025400e-02
3.110778999999999961e+00 5.805034450742274643e-02 2.159831397869152458e-02
3.115492999999999846e+00 3.028527528021126083e-02 2.156654132811740635e-02
3.120207000000000175e+00 6.979713643470393525e-02 2.156325574434890535e-02
3.124921000000000060e+00 3.998049240941884547e-02 2.153466672284740091e-02
3.129633999999999805e+00 4.823344295677078897e-02 2.152168039036147021e-02
3.134348000000000134e+00 6.155306978110938049e-02 2.150767984924437104e-02
3.139062000000000019e+00 6.315841803492021345e-02 2.148543019142290164e-02
3.143775999999999904e+00 4.091032447224522001e-02 2.145669309547044989e-02
3.148489999999999789e+00 5.018048670835032615e-02 2.145595955332727997e-02
3.153202999999999978e+00 4.456092422464889152e-02 2.143549567400837227e-02
3.157916999999999863e+00 6.277791194294495003e-02 2.141219113138433106e-02
3.162631000000000192e+00 1.251998534011085872e-02 2.138264066805585159e-02
3.167345000000000077e+00 6.883163506648519447e-02 2.139609450031755220e-02
3.172058999999999962e+00 4.710459571279409369e-02 2.136248963758746733e-02
3.176772999999999847e+00 6.043927954787001872e-02 2.134063901121338244e-02
3.181486000000000036e+00 2.679450693901623201e-02 2.130759452373712226e-02
3.186199999999999921e+00 3.029622361220729587e-02 2.129838724214034792e-02
3.190913999999999806e+00 4.929821768305556878e-02 2.128608218511418224e-02
3.195628000000000135e+00 7.562760555122786943e-02 2.126271413103454286e-02
3.200342000000000020e+00 6.518938917120505050e-02 2.121981210855556840e-02
3.205055000000000209e+00 2.807797155980902917e-02 2.117155561282853260e-02
3.209769000000000094e+00 6.055053508602004086e-02 2.116263757635223827e-02
3.214482999999999979e+00 5.512039663150058999e-02 2.113859123720568389e-02
3.219196999999999864e+00 3.594398423248046370e-02 2.111517019937839482e-02
3.223911000000000193e+00 3.998674517850083626e-02 2.110530179287554986e-02
3.228623999999999938e+00 4.091537724787504965e-02 2.108807878113237375e-02
3.233337999999999823e+00 4.809611317436616323e-02 2.107046287756423816e-02
3.238052000000000152e+00 3.820663897573939316e-02 2.104941500315868699e-02
3.242766000000000037e+00 2.868285297759931574e-02 2.102836661098192103e-02
3.247479999999999922e+00 2.310599003128717757e-02 2.101452416347339772e-02
3.252193999999999807e+00 4.117500130311054635e-02 2.101717899231907508e-02
3.256906999999999996e+00 5.141066816524101496e-02 2.102935339245768157e-02
3.261620999999999881e+00 3.946221608676636627e-02 2.102401702265212571e-02
3.266335000000000210e+00 4.903579766088617120e-02 2.102464550871422852e-02
3.271049000000000095e+00 4.317601821083272284e-02 2.099820338958000021e-02
3.275762999999999980e+00 5.449926130439205346e-02 2.098950209745779893e-02
3.280476000000000170e+00 5.971826622391966481e-03 2.095676621164107786e-02
3.285190000000000055e+00 3.026077127316491658e-02 2.095120789958349397e-02
3.289903999999999940e+00 -4.576498729449133933e-03 2.092166459436479650e-02
3.294617999999999824e+00 2.835723693639979892e-02 2.091208534535514418e-02
3.299332000000000154e+00 4.726703707317973097e-02 2.090805654223740206e-02
3.304044999999999899e+00 2.766561034007023953e-02 2.088392029318861601e-02
3.308758999999999784e+00 1.117955987753364334e-02 2.085838398915091860e-02
3.313473000000000113e+00 6.086978466250592135e-02 2.086678299054581590e-02
3.318186999999999998e+00 3.441967683084690144e-02 2.084133441137800760e-02
3.322900999999999883e+00 4.709485372688618915e-02 2.083243866937957087e-02
3.327615000000000212e+00 3.859950498436193200e-02 2.081197341677759258e-02
3.332327999999999957e+00 3.523297856396423455e-02 2.079163223714873207e-02
3.337041999999999842e+00 3.250663555516700859e-02 2.077962645321552657e-02
3.341756000000000171e+00 4.655199227914538079e-02 2.077132947364967661e-02
3.346470000000000056e+00 5.280242051083831184e-02 2.075436241837914572e-02
3.351183999999999941e+00 5.765933134610275873e-02 2.073867043218935793e-02
3.355897000000000130e+00 4.939797677221761246e-02 2.072378765266493991e-02
3.360611000000000015e+00 6.190560349881280011e-02 2.071294412353454420e-02
3.365324999999999900e+00 3.747911047039539228e-02 2.068603546337647453e-02
3.370038999999999785e+00 5.112179616235253826e-02 2.067927715647654638e-02
3.374753000000000114e+00 5.485407479802691805e-02 2.069507421315480364e-02
3.379465999999999859e+00 3.245050592905688452e-02 2.094749329573565577e-02
3.384180000000000188e+00 4.044377084959623753e-02 2.140485881544230626e-02
3.388894000000000073e+00 4.564791389759603746e-02 2.166956255765627171e-02
3.393607999999999958e+00 4.702920250199368185e-02 2.187344952872005352e-02
3.398321999999999843e+00 5.952668246678934766e-02 2.199796010203726102e-02
3.403035000000000032e+00 3.028000097731675666e-02 2.203619298596864659e-02
3.407748999999999917e+00 5.943785656111163357e-02 2.203754143773127214e-02
3.412462999999999802e+00 2.223098547042516235e-02 2.204024391406681979e-02
3.417177000000000131e+00 3.979147559938778222e-02 2.210875584876830294e-02
3.421891000000000016e+00 3.051954212276752898e-02 2.215655153651516565e-02
3.426604999999999901e+00 3.615266858874307404e-02 2.219452834236039854e-02
3.431318000000000090e+00 3.439831997653134549e-02 2.224300158651751000e-02
3.436031999999999975e+00 1.729349817566790473e-02 2.228836291544422296e-02
3.440745999999999860e+00 4.075822224396811327e-02 2.233883309067132006e-02
3.445460000000000189e+00 4.221194064375059091e-02 2.238136893529298066e-02
3.450174000000000074e+00 8.045227309747438049e-02 2.242109293807297010e-02
3.454886999999999819e+00 1.976578642171533673e-02 2.244158387592655804e-02
3.459601000000000148e+00 3.525978922335585436e-02 2.248109155525627664e-02
3.464315000000000033e+00 7.331793816783527262e-02 2.252962159723758892e-02
3.469028999999999918e+00 2.377761108941804299e-02 2.254436483119864540e-02
3.473742999999999803e+00 3.403800071671336802e-02 2.257989599745443068e-02
3.478455999999999992e+00 -4.489000684098520821e-03 2.259943505097351812e-02
3.483169999999999877e+00 4.707445400051768480e-02 2.264945393008046745e-02
3.487884000000000206e+00 6.315760766876173105e-02 2.268491910473776144e-02
3.492598000000000091e+00 5.442996921424751028e-02 2.271204278040378499e-02
3.497311999999999976e+00 7.197400557074844218e-02 2.274366212029762732e-02
3.502025999999999861e+00 6.337177710450696277e-02 2.276266255753632908e-02
3.506739000000000051e+00 5.454972455698392508e-02 2.278684510724306167e-02
3.511452999999999935e+00 7.972030394840134981e-02 2.282024691905851221e-02
3.516166999999999820e+00 5.983430479540685631e-02 2.283689901226270899e-02
3.520881000000000149e+00 1.976830173308852245e-02 2.284431481214702422e-02
3.525595000000000034e+00 2.175184910084104750e-02 2.286797261797519562e-02
3.530307999999999780e+00 -1.750887069976865898e-02 2.287447648744504736e-02
3.535022000000000109e+00 2.010252801662041570e-03 2.290304251137563127e-02
3.539735999999999994e+00 4.940253453220303653e-02 2.294618399472075909e-02
3.544449999999999878e+00 2.444890816390403107e-02 2.295542453339796327e-02
3.549164000000000208e+00 3.284651892750504315e-02 2.298346104389459646e-02
3.553876999999999953e+00 3.089999771956534677e-02 2.300317668205658153e-02
3.558590999999999838e+00 4.692347700026799906e-02 2.302347110126618315e-02
3.563305000000000167e+00 3.377297774951096981e-02 2.303981563846005734e-02
3.568019000000000052e+00 3.216165412432133580e-02 2.306850693133467856e-02
3.572732999999999937e+00 3.424371465339855897e-02 2.310338328595943139e-02
3.577446999999999822e+00 1.334471315485112088e-02 2.309476613732422065e-02
3.582160000000000011e+00 6.185789826043178868e-02 2.313246250344405328e-02
3.586873999999999896e+00 3.721486268570598638e-02 2.312937533930107745e-02
3.591587999999999781e+00 1.519325563589416818e-02 2.310697198074902411e-02
3.596302000000000110e+00 5.669189470920506409e-03 2.308033922686415773e-02
3.601015999999999995e+00 3.381814878162129473e-02 2.306949306564236649e-02
3.605729000000000184e+00 2.625029531529587956e-02 2.305165980324061503e-02
3.610443000000000069e+00 1.333953984232875457e-02 2.304442858254979187e-02
3.615156999999999954e+00 2.046640800105785016e-02 2.307514290823325931e-02
3.619870999999999839e+00 4.064792318218946043e-02 2.327523787589566920e-02
3.624585000000000168e+00 3.768257232209844959e-02 2.406587822654114930e-02
3.629297999999999913e+00 3.721748045345166928e-02 2.458499292630722186e-02
3.634011999999999798e+00 4.009920738858404471e-02 2.492378273555435550e-02
3.638726000000000127e+00 5.967752752803279215e-02 2.521594043777014918e-02
3.643440000000000012e+00 1.987413734688196418e-02 2.537581678305224700e-02
3.648153999999999897e+00 -1.569775377893008585e-03 2.553370559483081337e-02
3.652867999999999782e+00 6.344230518650888044e-03 2.567806450489037648e-02
3.657580999999999971e+00 1.335952534533172732e-02 2.582354617632902707e-02
3.662294999999999856e+00 3.319778994008711764e-02 2.596866677458494269e-02
3.667009000000000185e+00 5.149141761138639056e-02 2.610987720742017834e-02
3.671723000000000070e+00 4.001529417511476977e-02 2.623918860619725221e-02
3.676436999999999955e+00 2.765531779383160679e-02 2.635465506892424592e-02
3.681150000000000144e+00 7.750071181865436643e-03 2.647185007824896796e-02
3.685864000000000029e+00 2.785530297108536682e-02 2.660654518510241484e-02
3.690577999999999914e+00 4.317909613635051436e-02 2.673352204005784508e-02
3.695291999999999799e+00 6.015391728564904034e-02 2.686165546488866393e-02
3.700006000000000128e+00 2.381250276905944041e-02 2.695868353901261297e-02
3.704718999999999873e+00 8.854261646464293978e-02 2.711116129103422270e-02
3.709433000000000202e+00 5.721768422598268872e-02 2.720885859120704062e-02
3.714147000000000087e+00 2.465445725826646492e-02 2.730240893038292024e-02
3.718860999999999972e+00 3.176553068805035990e-02 2.741380201347844506e-02
3.723574999999999857e+00 6.302088790073397118e-02 2.754449919355372520e-02
3.728288000000000046e+00 3.005504560852808107e-02 2.763273855899003525e-02
3.733001999999999931e+00 4.442898765314939880e-02 2.775511646598165238e-02
3.737715999999999816e+00 4.205217959996613436e-02 2.785702576532719452e-02
3.742430000000000145e+00 1.559240747980550346e-02 2.795179750382008679e-02
3.747144000000000030e+00 2.240473156114131115e-02 2.806457083219847728e-02
3.751857999999999915e+00 2.414674876205065782e-02 2.817659028433745425e-02
3.756571000000000105e+00 5.362778032969747061e-02 2.829524145751584341e-02
3.761284999999999989e+00 2.533082437453989047e-02 2.838994979436534893e-02
3.765998999999999874e+00 2.843884089135524998e-02 2.849711473284237753e-02
3.770713000000000203e+00 3.440468188037101166e-02 2.860182299985712315e-02
3.775427000000000088e+00 6.001946035312358957e-02 2.872372603333044408e-02
3.780139999999999834e+00 1.802528651941918622e-02 2.880824953125484325e-02
3.784854000000000163e+00 3.491388975759424085e-02 2.892723719582997524e-02
3.789568000000000048e+00 4.648568526835913234e-02 2.903563079642595968e-02
3.794281999999999933e+00 3.076140620926033978e-02 2.913051435927941843e-02
3.798995999999999817e+00 2.285038685823755425e-02 2.922991094136391174e-02
3.803709000000000007e+00 4.159947110374499074e-02 2.934392545455084822e-02
3.808422999999999892e+00 5.022829896408964601e-02 2.946287633447038437e-02
3.813137000000000221e+00 -7.329526974187094979e-03 2.953551820417246385e-02
3.817851000000000106e+00 1.778109965468336814e-02 2.964725225379591031e-02
3.822564999999999991e+00 5.997915852227220235e-02 2.977366378951268669e-02
3.827278999999999876e+00 2.152485665883507870e-02 2.986243062333862955e-02
3.831992000000000065e+00 3.888265555774387400e-02 2.997625294506878202e-02
3.836705999999999950e+00 2.895498126793187230e-02 3.008782075624987298e-02
3.841419999999999835e+00 5.841457225704446005e-02 3.019794613554168186e-02
3.846134000000000164e+00 6.654968530101634805e-02 3.030820067788433936e-02
3.850848000000000049e+00 4.294252687648410921e-02 3.041095055191577953e-02
3.855560999999999794e+00 3.073956688168958881e-02 3.051685135884849021e-02
3.860275000000000123e+00 1.282606740290333745e-02 3.060568498497256637e-02
3.864989000000000008e+00 -3.980562597737483804e-02 3.067928623702416077e-02
3.869702999999999893e+00 4.838065252802762478e-02 3.082970254876300428e-02
3.874417000000000222e+00 1.173403482538220716e-01 3.097488034895778952e-02
3.879129999999999967e+00 2.585758160670659223e-02 3.103695392228911568e-02
3.883843999999999852e+00 4.594163588088040484e-02 3.115734713774206965e-02
3.888558000000000181e+00 1.419313363301307439e-02 3.125038055728698860e-02
3.893272000000000066e+00 3.797915200678033537e-02 3.136512133752790421e-02
3.897985999999999951e+00 5.627515832679952368e-02 3.148352149940634309e-02
3.902699999999999836e+00 1.313692435494736264e-02 3.156763559266485136e-02
3.907413000000000025e+00 1.389892331227289947e-03 3.166719013216438144e-02
3.912126999999999910e+00 2.284754691181575034e-03 3.177907928403547050e-02
3.916840999999999795e+00 -3.447228466204303125e-03 3.188952210509916896e-02
3.921555000000000124e+00 1.485984998044376226e-02 3.196262912101138082e-02
3.926269000000000009e+00 7.115651566981617826e-02 3.201759105959300217e-02
3.930982000000000198e+00 2.753191327862107227e-02 3.200998090057638468e-02
3.935696000000000083e+00 3.002086200154208129e-02 3.205233443153607947e-02
3.940409999999999968e+00 2.138999837114659644e-02 3.208513407853304938e-02
3.945123999999999853e+00 8.030119445534267264e-02 3.215644216570909264e-02
3.949838000000000182e+00 9.567651632134044348e-02 3.219959484379077835e-02
3.954550999999999927e+00 5.678466282252577629e-02 3.223483181715180307e-02
3.959264999999999812e+00 3.771737229611734493e-02 3.225782144988722372e-02
3.963979000000000141e+00 2.109996611937818220e-02 3.226668671707764308e-02
3.968693000000000026e+00 6.554949455956664284e-02 3.238877195052256713e-02
3.973406999999999911e+00 5.932822142949345512e-02 3.249479624760378410e-02
3.978120999999999796e+00 3.114730518634719128e-02 3.258947081155526976e-02
3.982833999999999985e+00 9.236332404873086321e-02 3.273894158654529901e-02
3.987547999999999870e+00 7.827615894577988342e-02 3.284160927953425763e-02
3.992262000000000199e+00 4.622872540396135571e-02 3.293232888988283785e-02
3.996976000000000084e+00 7.259784662502877239e-03 3.301614382253509339e-02
4.001689999999999969e+00 9.065088594603021299e-02 3.317754629250827675e-02
4.006402999999999714e+00 8.258353922335419373e-02 3.328502336476952400e-02
4.011116999999999599e+00 4.799121758536125520e-02 3.338322039165071003e-02
4.015831000000000373e+00 3.543686832155112931e-02 3.348747948879102210e-02
4.020545000000000258e+00 4.326539826032282932e-02 3.360789883498874892e-02
4.025259000000000142e+00 1.476340646992528073e-02 3.370681326225660052e-02
4.029971999999999888e+00 3.129006857570241357e-02 3.382733394917022962e-02
4.034685999999999773e+00 6.742121074410360737e-02 3.397070600274914448e-02
4.039399999999999658e+00 4.100939177737750185e-02 3.407226745205697849e-02
4.044114000000000431e+00 2.377277234820307505e-02 3.417714424916492438e-02
4.048828000000000316e+00 3.832444585614972615e-02 3.430565089317152982e-02
4.053542000000000201e+00 3.902435024113174583e-02 3.442058381500612968e-02
4.058254999999999946e+00 3.716595126401078808e-02 3.454539432444267422e-02
4.062968999999999831e+00 1.888099687256983295e-02 3.466310257799679051e-02
4.067682999999999716e+00 6.560977733254806654e-02 3.481139376587064765e-02
4.072396999999999601e+00 4.845441669923992306e-02 3.491060499120270805e-02
4.077111000000000374e+00 8.350352228303714597e-02 3.505973198262828799e-02
4.081824000000000119e+00 3.939969588870070177e-02 3.516653977694014083e-02
4.086538000000000004e+00 3.263492914391844663e-02 3.528555021815450027e-02
4.091251999999999889e+00 4.208777951519186017e-02 3.541229648013353298e-02
4.095965999999999774e+00 2.917010750586634948e-02 3.553561620796235471e-02
4.100679999999999659e+00 7.433974801273901534e-02 3.569382750667243753e-02
4.105393000000000292e+00 3.015907251759182908e-02 3.579379729799845450e-02
4.110107000000000177e+00 1.976832779519506825e-02 3.590533318535637369e-02
4.114821000000000062e+00 4.841444601900154326e-02 3.605829432926710432e-02
4.119534999999999947e+00 6.872994885324046344e-02 3.619945780314793443e-02
4.124248999999999832e+00 6.235033082487369954e-02 3.633073605521320443e-02
4.128961999999999577e+00 4.599259333465425398e-02 3.645226211657413146e-02
4.133676000000000350e+00 7.748156111544186875e-02 3.661430506846804350e-02
4.138390000000000235e+00 2.695114786945773666e-02 3.670547429779360410e-02
4.143104000000000120e+00 -1.294184063074133029e-02 3.681762490956178024e-02
4.147818000000000005e+00 4.094650768829525417e-02 3.699052767212378939e-02
4.152531999999999890e+00 3.128301521369669658e-02 3.712521217130574508e-02
4.157244999999999635e+00 2.535793881940666059e-02 3.726131326998662757e-02
4.161959000000000408e+00 6.492157398357882581e-02 3.742314779856130424e-02
4.166673000000000293e+00 6.657603775734870222e-02 3.756300332025084426e-02
4.171387000000000178e+00 4.762623094213343927e-02 3.769760723846051625e-02
4.176101000000000063e+00 1.873563004988643144e-03 3.783560533309743984e-02
4.180813999999999808e+00 -1.086745748629710205e-02 3.800321213120849695e-02
4.185527999999999693e+00 3.660257916341954493e-02 3.814628266432910225e-02
4.190241999999999578e+00 3.636760978629764024e-02 3.827183651060633851e-02
4.194956000000000351e+00 3.164545461946696031e-02 3.842098151032418557e-02
4.199670000000000236e+00 1.259388519725031632e-03 3.853637846909138687e-02
4.204382999999999981e+00 -1.125486415165507202e-02 3.867848507394051893e-02
4.209096999999999866e+00 3.911874885980903827e-02 3.887157763981356068e-02
4.213810999999999751e+00 4.280258861087560263e-02 3.902359125607202800e-02
4.218524999999999636e+00 2.311828902790898435e-02 3.917035070654446144e-02
4.223239000000000409e+00 7.510038034272718821e-02 3.935008086478691131e-02
4.227953000000000294e+00 4.394271387152951652e-02 3.949398262196984061e-02
4.232666000000000039e+00 -4.128904416993428583e-04 3.961161896424091750e-02
4.237379999999999924e+00 6.317700498435112333e-02 3.983595430233796697e-02
4.242093999999999809e+00 1.343282193119339496e-01 4.004290825763668488e-02
4.246807999999999694e+00 1.022723662691560342e-01 4.018268011308584464e-02
4.251521999999999579e+00 1.314014073494140789e-02 4.029277700323476152e-02
4.256235000000000213e+00 3.781224882720087693e-02 4.052429456188357676e-02
4.260949000000000098e+00 4.764313395883634783e-02 4.067121300332189604e-02
4.265662999999999982e+00 4.984251433410494952e-02 4.083586078988429152e-02
4.270376999999999867e+00 8.481826068540258834e-02 4.101809578083465829e-02
4.275090999999999752e+00 1.089403656827963723e-01 4.119943601734599864e-02
4.279804000000000386e+00 7.755264203799445977e-02 4.136801987582327395e-02
4.284518000000000271e+00 3.513695611811199632e-02 4.151410265210282030e-02
4.289232000000000156e+00 3.580842666797797585e-02 4.167782111957522156e-02
4.293946000000000041e+00 1.076100693901134164e-01 4.191830739675269507e-02
4.298659999999999926e+00 5.278179583660354973e-02 4.206653625195522217e-02
4.303373999999999810e+00 6.675446996349017337e-02 4.225166415794964075e-02
4.308087000000000444e+00 6.400600436540715421e-02 4.242729200749365687e-02
4.312801000000000329e+00 1.651099394062538472e-02 4.259599818120871073e-02
4.317515000000000214e+00 -3.511978433662724889e-03 4.278049526167881228e-02
4.322229000000000099e+00 9.789228238534786186e-04 4.298092488727974642e-02
4.326942999999999984e+00 3.029860633308049597e-02 4.322150788081031286e-02
4.331655999999999729e+00 6.095577273909317390e-02 4.340926892960095262e-02
4.336369999999999614e+00 7.092881906440869078e-02 4.361628243253389686e-02
4.341084000000000387e+00 4.913599736120488615e-02 4.379412653520082382e-02
4.345798000000000272e+00 3.194487701984494166e-02 4.398441159243999393e-02
4.350512000000000157e+00 3.632562662886851257e-02 4.419566947109632854e-02
4.355224999999999902e+00 1.773475322517577626e-02 4.440326864860624084e-02
4.359938999999999787e+00 -7.432179437037851784e-03 4.457958340001807324e-02
4.364652999999999672e+00 7.286932434194448582e-02 4.486201201688267554e-02
4.369366999999999557e+00 5.858346559816237503e-02 4.506661811523084843e-02
4.374081000000000330e+00 6.428852358614774165e-02 4.529103553603727045e-02
4.378795000000000215e+00 5.294170217613255319e-02 4.551541627990245836e-02
4.383507999999999960e+00 -3.710647804240944318e-03 4.575141918082541864e-02
4.388221999999999845e+00 3.456564275477610332e-02 4.593260624514956120e-02
4.392935999999999730e+00 1.333229541308611488e-02 4.613166275037049874e-02
4.397649999999999615e+00 1.034094360828465148e-01 4.632346064123504803e-02
4.402364000000000388e+00 5.265183509252135963e-02 4.631513526559241645e-02
4.407077000000000133e+00 2.061338855225421443e-02 4.633812809709012687e-02
4.411791000000000018e+00 1.932976788507441770e-02 4.636767432936093197e-02
4.416504999999999903e+00 -5.361991171487116153e-02 4.634320172306764102e-02
4.421218999999999788e+00 2.849217666800877777e-02 4.644186840071403560e-02
4.425932999999999673e+00 1.057983312157918937e-01 4.653589981295212091e-02
4.430646000000000306e+00 5.761979362128492183e-02 4.653231078127020859e-02
4.435360000000000191e+00 4.813869689863362750e-02 4.658706523228774848e-02
4.440074000000000076e+00 4.628721005995709709e-02 4.673062576770897758e-02
4.444787999999999961e+00 5.620222862916694068e-02 4.696578437583748961e-02
4.449501999999999846e+00 1.186981113174566255e-01 4.725879399946427556e-02
4.454214999999999591e+00 6.712384903570194072e-02 4.747124112584676786e-02
4.458929000000000364e+00 5.098895051474042900e-02 4.768772091184386719e-02
4.463643000000000249e+00 9.772168686488447165e-03 4.791770171878568380e-02
4.468357000000000134e+00 1.679529906175110734e-02 4.818693576670075168e-02
4.473071000000000019e+00 1.672995015641405960e-03 4.842472188945873973e-02
4.477784999999999904e+00 -1.457021615192100050e-02 4.866339930469685410e-02
4.482497999999999649e+00 3.728454130828925267e-02 4.897708381908310454e-02
4.487212000000000423e+00 9.951470891971221644e-02 4.931675381721368351e-02
4.491926000000000307e+00 7.216080890013865101e-02 4.957122716725298472e-02
4.496640000000000192e+00 5.251359265053193864e-02 4.982749508704237967e-02
4.501354000000000077e+00 7.343248208239001873e-02 5.012984307141388207e-02
4.506066999999999823e+00 9.100912089520907244e-02 5.043532669322275258e-02
4.510780999999999707e+00 5.974449586269411222e-02 5.069135225344627987e-02
4.515494999999999592e+00 -1.135525263879070580e-02 5.091674494369654441e-02
4.520209000000000366e+00 7.548196670530415986e-03 5.123316047504878484e-02
4.524923000000000251e+00 2.818077192468019729e-02 5.155947239397234982e-02
4.529635999999999996e+00 5.716557026975547379e-02 5.190813518624345230e-02
4.534349999999999881e+00 1.093487216575130122e-01 5.228616296976751343e-02
4.539063999999999766e+00 6.162996058116543274e-02 5.254928623418989031e-02
4.543777999999999651e+00 2.543535086008374968e-02 5.284187442316798378e-02
4.548492000000000424e+00 1.101597276515605371e-02 5.315513605530246960e-02
4.553206000000000309e+00 6.959894318475774722e-02 5.356401767271243980e-02
4.557919000000000054e+00 2.513423915166845823e-02 5.386784461716140338e-02
4.562632999999999939e+00 -1.907090467814994209e-02 5.416890046529912461e-02
4.567346999999999824e+00 9.370224866430272581e-02 5.462313592181766708e-02
4.572060999999999709e+00 1.396104785640953951e-02 5.491366653657273750e-02
4.576774999999999594e+00 2.822008975107640968e-02 5.530142263495533422e-02
4.581488000000000227e+00 8.509496595650827000e-02 5.575654745034930998e-02
4.586202000000000112e+00 1.080615829421745742e-02 5.605685257025786600e-02
4.590915999999999997e+00 7.985628127444537039e-02 5.651282125136963125e-02
4.595629999999999882e+00 9.945718725563830465e-02 5.694452943361455466e-02
4.600343999999999767e+00 1.084162778538172028e-01 5.733330890981892108e-02
4.605057000000000400e+00 4.162958659104365466e-02 5.768665821852347886e-02
4.609771000000000285e+00 5.650706769612456881e-02 5.814491729769497019e-02
4.614485000000000170e+00 6.078692777558399735e-02 5.855814544698744600e-02
4.619199000000000055e+00 1.453443274367915150e-01 5.909694395275342377e-02
4.623912999999999940e+00 8.122975029317987261e-02 5.948841934747140653e-02
4.628626999999999825e+00 6.932056000778012705e-02 5.992484379808471484e-02
4.633339999999999570e+00 8.351199439665402124e-02 6.042096931348790029e-02
4.638054000000000343e+00 2.500535786419251852e-02 6.084184120235519577e-02
4.642768000000000228e+00 6.330660265180661217e-02 6.138814542432308174e-02
4.647482000000000113e+00 7.593075368122888247e-02 6.190386583637202955e-02
4.652195999999999998e+00 5.829706118059552189e-02 6.240000806278177964e-02
4.656908999999999743e+00 4.192965923896493224e-02 6.288610145839751420e-02
4.661622999999999628e+00 7.431829016810276300e-02 6.348125480357329209e-02
4.666337000000000401e+00 2.437838089653958026e-02 6.398410384074169899e-02
4.671051000000000286e+00 7.078710190249178080e-02 6.458443653477516366e-02
4.675765000000000171e+00 5.165674811049066756e-02 6.512444071013533120e-02
4.680477999999999916e+00 2.771002573626664758e-02 6.572438474736132241e-02
4.685191999999999801e+00 1.560371758534636298e-02 6.634951785094966858e-02
4.689905999999999686e+00 1.950944895097602230e-02 6.697663714135462798e-02
4.694619999999999571e+00 1.444237441363364384e-02 6.759239610706106738e-02
4.699334000000000344e+00 5.328063461038579085e-02 6.830324644105621734e-02
4.704048000000000229e+00 -5.434218318348523619e-02 6.885073802423474776e-02
4.708760999999999974e+00 2.100424566716041497e-02 6.964847516114057446e-02
4.713474999999999859e+00 5.571647641390486960e-02 7.039934855024455873e-02
4.718188999999999744e+00 2.584217878549728911e-02 7.113711628995626757e-02
4.722902999999999629e+00 6.589470794243219853e-02 7.195287720368277740e-02
4.727617000000000402e+00 -8.834758307276868727e-02 7.259389150371063637e-02
4.732330000000000148e+00 2.005006206020672546e-02 7.354167150066696912e-02
4.737044000000000032e+00 -1.763993989444504959e-02 7.432096631131536457e-02
4.741757999999999917e+00 8.234112881158354991e-02 7.532591256841640603e-02
4.746471999999999802e+00 5.030867034790994369e-02 7.620795847695334413e-02
4.751185999999999687e+00 1.331200482149993113e-02 7.708872896702546884e-02
4.755899000000000321e+00 1.732530769477473240e-02 7.805158750375498777e-02
4.760613000000000206e+00 -1.736796439273713411e-02 7.901055039290835746e-02
4.765327000000000091e+00 9.636754951788099877e-02 8.022410707819600806e-02
4.770040999999999976e+00 5.967483124836111402e-02 8.128848486241764537e-02
4.774754999999999860e+00 1.675162369690127717e-01 8.255687672860330395e-02
4.779468999999999745e+00 7.348118973155919054e-02 8.362301225579109321e-02
4.784182000000000379e+00 5.376620178527180549e-02 8.477597831754578317e-02
4.788896000000000264e+00 1.175197599035531920e-01 8.618591197792811742e-02
4.793610000000000149e+00 1.210657614998600362e-01 8.753056182640839289e-02
4.798324000000000034e+00 8.786684568024109854e-02 8.874391627867062038e-02
4.803037999999999919e+00 -4.195698722958263183e-02 8.994462789175312889e-02
4.807750999999999664e+00 1.032599074798514760e-01 9.185891569684095925e-02
4.812465000000000437e+00 5.418330368779685630e-02 9.350840170608250290e-02
4.817179000000000322e+00 5.775712861616014854e-02 9.522105650127343779e-02
4.821893000000000207e+00 9.712291210581273926e-02 9.708097008984389875e-02
4.826607000000000092e+00 -3.862275948010526067e-02 9.882534207461213249e-02
4.831319999999999837e+00 1.123417474589278875e-01 1.011976695426819450e-01
4.836033999999999722e+00 2.107141164972812231e-01 1.034970482417738036e-01
4.840747999999999607e+00 2.035205466506935859e-02 1.053694433418472381e-01
4.845462000000000380e+00 1.038206026843970092e-01 1.080916553885426928e-01
4.850176000000000265e+00 6.554262477199346293e-02 1.106491497419047620e-01
4.854889000000000010e+00 9.050793018637826037e-02 1.136093697486085380e-01
4.859602999999999895e+00 5.599526176051498189e-02 1.165797210079184548e-01
4.864316999999999780e+00 5.740636076358448386e-02 1.200249497509942725e-01
4.869030999999999665e+00 3.502771436017523138e-02 1.235801070971668941e-01
4.873745000000000438e+00 -4.565845126399755566e-02 1.272631914767621830e-01
4.878459000000000323e+00 3.009963246025591510e-01 1.323724002400575583e-01
4.883172000000000068e+00 1.249902159890465131e-01 1.369821887873691746e-01
4.887885999999999953e+00 5.200352879861750571e-02 1.423100805617535658e-01
4.892599999999999838e+00 2.186597258600309901e-01 1.488537027560018766e-01
4.897313999999999723e+00 -4.130467976277940600e-02 1.553757871321592432e-01
4.902027999999999608e+00 3.780354329555479787e-02 1.638969920685919845e-01
4.906741000000000241e+00 9.470906942274111284e-02 1.732051845989691363e-01
4.911455000000000126e+00 -1.602340743093793041e-01 1.836847062669932640e-01
4.916169000000000011e+00 1.869167003843999753e-01 1.994461759945177493e-01
4.920882999999999896e+00 3.268407154025565475e-02 2.166637488165231717e-01
4.925596999999999781e+00 -1.697847577860429613e-01 2.390752817173820988e-01
4.930310000000000414e+00 -5.099507787659760538e-01 2.714324780263882020e-01
4.935024000000000299e+00 -2.260867442006775363e-02 3.267155420272779831e-01
4.939738000000000184e+00 -1.556494624708378537e-02 4.018739604387485120e-01
4.944452000000000069e+00 -1.634686307662255034e-01 4.246399684316808365e-01
