Item name: Decay

Real time: 3699.78
Live time: 1506.96
Time calibration: 1.408649E-02ns/ch

Comment: 


Chan	Data
1	0
2	0
3	0
4	0
5	0
6	0
7	0
8	0
9	0
10	0
11	0
12	0
13	0
14	0
15	0
16	0
17	0
18	0
19	0
20	0
21	0
22	0
23	0
24	0
25	0
26	0
27	0
28	0
29	0
30	0
31	0
32	0
33	0
34	0
35	0
36	0
37	0
38	0
39	0
40	0
41	0
42	0
43	0
44	0
45	0
46	0
47	0
48	0
49	0
50	0
51	0
52	0
53	0
54	0
55	0
56	0
57	0
58	0
59	0
60	0
61	0
62	0
63	0
64	0
65	0
66	0
67	0
68	0
69	0
70	0
71	0
72	0
73	0
74	0
75	0
76	0
77	0
78	0
79	0
80	0
81	0
82	0
83	0
84	0
85	0
86	0
87	0
88	0
89	0
90	0
91	0
92	0
93	0
94	0
95	0
96	0
97	0
98	46519
99	46955
100	46619
101	46722
102	46182
103	46317
104	46060
105	45909
106	46021
107	46474
108	46369
109	46787
110	46006
111	46764
112	46584
113	46209
114	46230
115	46303
116	46713
117	46553
118	46184
119	46564
120	46322
121	46321
122	46632
123	46145
124	46843
125	45866
126	45775
127	46368
128	46086
129	45951
130	46235
131	46283
132	46254
133	46302
134	46208
135	46199
136	46897
137	46451
138	46725
139	46687
140	46444
141	46659
142	46467
143	46679
144	46413
145	47144
146	46774
147	46597
148	46945
149	47025
150	46534
151	46568
152	46453
153	46987
154	47036
155	46427
156	46667
157	46794
158	46602
159	47138
160	47057
161	46868
162	46798
163	46635
164	47076
165	47065
166	46711
167	46397
168	46478
169	46851
170	46607
171	46685
172	46933
173	46333
174	46639
175	46914
176	46935
177	46872
178	46962
179	46556
180	46907
181	46624
182	46661
183	46496
184	46562
185	46555
186	46507
187	46852
188	46988
189	46811
190	46540
191	46235
192	46702
193	46672
194	46620
195	46199
196	46361
197	46372
198	46757
199	46241
200	46290
201	46666
202	46626
203	46304
204	46627
205	46545
206	46096
207	46034
208	46398
209	46274
210	46408
211	46244
212	46735
213	46702
214	46216
215	46468
216	46378
217	46429
218	46904
219	46008
220	46103
221	46256
222	46150
223	46142
224	46259
225	46207
226	46172
227	46479
228	46232
229	45967
230	45671
231	46177
232	46097
233	46607
234	45928
235	46069
236	46257
237	46391
238	46147
239	46080
240	46088
241	46479
242	45959
243	46021
244	46192
245	46156
246	46333
247	46678
248	46495
249	46613
250	46342
251	46238
252	46465
253	46580
254	46271
255	46428
256	46349
257	46561
258	46509
259	46467
260	46814
261	46351
262	46337
263	46538
264	46990
265	46502
266	46299
267	46457
268	46609
269	46792
270	46459
271	46493
272	46346
273	46887
274	46747
275	46194
276	46313
277	46263
278	46546
279	46475
280	46363
281	46130
282	46349
283	46599
284	46389
285	46641
286	46421
287	46448
288	46561
289	46488
290	46391
291	45785
292	45864
293	45994
294	46270
295	46647
296	46039
297	46572
298	46372
299	46460
300	46228
301	45739
302	46023
303	45718
304	46165
305	46054
306	46039
307	45989
308	45695
309	45637
310	45824
311	46084
312	45839
313	45755
314	45938
315	46007
316	45792
317	45713
318	45751
319	45737
320	45751
321	45807
322	45808
323	46024
324	45871
325	45590
326	45914
327	45671
328	45802
329	45580
330	45700
331	45668
332	45456
333	45758
334	45862
335	45639
336	45439
337	45824
338	45564
339	45538
340	45881
341	45620
342	45984
343	45564
344	45845
345	45656
346	45642
347	45703
348	46043
349	45718
350	45689
351	45839
352	45939
353	45397
354	46085
355	45446
356	45736
357	46027
358	46128
359	45970
360	45694
361	45899
362	46083
363	45966
364	46016
365	46632
366	46113
367	46010
368	45710
369	46318
370	46000
371	45984
372	45906
373	46006
374	46398
375	46186
376	46726
377	46505
378	46108
379	46490
380	46152
381	46199
382	46056
383	46254
384	45880
385	46368
386	45982
387	46248
388	46240
389	46273
390	46746
391	46141
392	46318
393	46411
394	45864
395	46016
396	46360
397	46421
398	46368
399	46395
400	45883
401	46292
402	46296
403	46295
404	46137
405	46128
406	46026
407	46079
408	46406
409	45910
410	46075
411	46146
412	46189
413	46058
414	45701
415	45993
416	45886
417	46273
418	46215
419	46096
420	46258
421	45937
422	46298
423	46077
424	46237
425	46147
426	45927
427	46013
428	46009
429	46059
430	45969
431	46127
432	46044
433	46034
434	46162
435	46296
436	45651
437	46010
438	45880
439	46398
440	46271
441	46018
442	46149
443	46360
444	45828
445	46591
446	45856
447	45822
448	46443
449	46357
450	46497
451	46406
452	46274
453	46340
454	46463
455	45923
456	46282
457	46155
458	46297
459	46264
460	46607
461	46393
462	46138
463	46014
464	46418
465	46067
466	46533
467	46440
468	46367
469	46596
470	46000
471	46439
472	46361
473	46322
474	46686
475	46635
476	46090
477	46221
478	46353
479	46374
480	46671
481	46361
482	46565
483	46654
484	46288
485	46416
486	46755
487	46287
488	46528
489	46211
490	46390
491	46878
492	46628
493	46298
494	46830
495	46511
496	46276
497	46220
498	46617
499	46861
500	46640
501	45830
502	46409
503	46604
504	46616
505	46644
506	46660
507	46592
508	46356
509	46597
510	46073
511	46387
512	46454
513	46197
514	46474
515	46218
516	46479
517	46246
518	45988
519	45970
520	46119
521	46270
522	46350
523	46503
524	46018
525	45773
526	46355
527	46037
528	46284
529	46307
530	46272
531	46172
532	45952
533	46220
534	46490
535	45972
536	46437
537	46258
538	46307
539	45916
540	45723
541	46216
542	46237
543	46521
544	46712
545	46249
546	46025
547	46182
548	46415
549	46088
550	46038
551	46107
552	46638
553	46360
554	46568
555	46697
556	46631
557	46452
558	46391
559	46671
560	45966
561	46456
562	46345
563	46675
564	46530
565	46553
566	46207
567	46898
568	46697
569	46453
570	46303
571	46260
572	46744
573	46845
574	46876
575	46451
576	46637
577	47132
578	46638
579	46400
580	46616
581	46757
582	46762
583	46912
584	46822
585	46990
586	47110
587	46928
588	46886
589	46679
590	46681
591	46582
592	47120
593	46526
594	47188
595	46812
596	46818
597	47243
598	46460
599	46757
600	46535
601	47312
602	46501
603	46421
604	46545
605	46454
606	46853
607	46823
608	46467
609	46397
610	46567
611	46707
612	47202
613	46760
614	46315
615	46359
616	46223
617	46527
618	46443
619	46770
620	46946
621	46681
622	46653
623	46789
624	46296
625	46614
626	46272
627	46697
628	46443
629	46766
630	45932
631	46359
632	46068
633	46355
634	46141
635	45990
636	46164
637	46095
638	46152
639	46284
640	46409
641	46008
642	46197
643	46667
644	45938
645	46342
646	46075
647	45955
648	45935
649	46060
650	46449
651	46321
652	46141
653	46430
654	46189
655	46019
656	46241
657	45887
658	46090
659	45904
660	46066
661	46075
662	45903
663	46430
664	45765
665	46202
666	46147
667	46037
668	46088
669	46125
670	45670
671	46249
672	46470
673	46316
674	46337
675	46181
676	46110
677	46103
678	46519
679	46252
680	46014
681	46167
682	46365
683	46156
684	46041
685	46582
686	46272
687	46370
688	45978
689	46654
690	46324
691	46383
692	46331
693	46546
694	46512
695	46470
696	46255
697	46173
698	46242
699	46290
700	46135
701	46236
702	45986
703	46118
704	46419
705	46312
706	46291
707	46412
708	46192
709	46524
710	46322
711	46469
712	46452
713	46446
714	46115
715	46060
716	45766
717	46377
718	46038
719	46786
720	46127
721	46326
722	46253
723	46256
724	45947
725	46150
726	45892
727	46417
728	45752
729	46128
730	46208
731	46085
732	46304
733	46106
734	46138
735	46091
736	45903
737	46179
738	46100
739	45800
740	45859
741	45767
742	45772
743	45899
744	45679
745	46033
746	45924
747	45736
748	45549
749	45992
750	45628
751	46036
752	46016
753	45527
754	45220
755	45752
756	45370
757	45725
758	45891
759	45540
760	45804
761	45554
762	45765
763	45797
764	45531
765	46007
766	45789
767	46311
768	45717
769	45895
770	45987
771	45895
772	45450
773	45716
774	46278
775	45642
776	46155
777	46229
778	46368
779	45707
780	46046
781	46165
782	46246
783	46185
784	46461
785	46142
786	46355
787	46239
788	46132
789	45874
790	46307
791	46117
792	46306
793	46080
794	46004
795	46314
796	46162
797	46417
798	46347
799	46163
800	46486
801	46214
802	46683
803	46064
804	45993
805	46251
806	46658
807	46256
808	46559
809	46838
810	46300
811	46533
812	46714
813	46286
814	46318
815	46746
816	46366
817	46148
818	46601
819	46510
820	47050
821	46813
822	46849
823	46481
824	46466
825	46733
826	46407
827	46327
828	46440
829	46516
830	46617
831	46704
832	46136
833	46385
834	46184
835	46540
836	46556
837	46481
838	47049
839	46373
840	46221
841	46081
842	46482
843	46409
844	46629
845	46191
846	46490
847	46126
848	46353
849	46118
850	46456
851	46292
852	46640
853	46462
854	46490
855	46100
856	46420
857	46312
858	46619
859	46439
860	46094
861	45977
862	46431
863	46411
864	46373
865	46123
866	46046
867	46239
868	46183
869	46561
870	46382
871	46271
872	46217
873	46501
874	46108
875	46135
876	46141
877	46315
878	46243
879	46368
880	46133
881	45945
882	46276
883	46569
884	46522
885	46280
886	46316
887	46146
888	46209
889	46176
890	46097
891	46600
892	46312
893	46064
894	46383
895	46345
896	46355
897	46586
898	46925
899	46580
900	46289
901	46718
902	46275
903	46673
904	46401
905	46635
906	46393
907	46970
908	46335
909	46781
910	46840
911	46405
912	46353
913	46610
914	46807
915	46717
916	46611
917	46360
918	46483
919	46533
920	46383
921	46793
922	46568
923	46440
924	46719
925	46708
926	46719
927	46509
928	46383
929	46612
930	46799
931	46413
932	46792
933	46896
934	46496
935	46317
936	46643
937	46693
938	46457
939	46559
940	46630
941	46238
942	46126
943	46206
944	46403
945	46149
946	46509
947	46616
948	46512
949	46348
950	46416
951	46564
952	46033
953	46360
954	46524
955	46480
956	46329
957	46231
958	46572
959	46618
960	46221
961	46401
962	46581
963	46352
964	46059
965	46414
966	46060
967	46115
968	46060
969	46126
970	46464
971	46014
972	46101
973	46076
974	46319
975	46164
976	45935
977	46112
978	46145
979	46002
980	46203
981	46132
982	46602
983	46332
984	46558
985	45914
986	46004
987	46632
988	46348
989	46368
990	46445
991	46058
992	46592
993	46356
994	46189
995	46351
996	46248
997	46395
998	46525
999	46685
1000	46770
1001	46224
1002	46501
1003	46372
1004	46518
1005	46199
1006	46326
1007	46477
1008	46464
1009	46411
1010	46141
1011	46608
1012	46442
1013	47015
1014	46776
1015	46569
1016	46268
1017	46635
1018	46532
1019	46462
1020	46203
1021	46728
1022	46501
1023	46639
1024	46564
1025	46653
1026	46711
1027	46584
1028	46357
1029	46729
1030	46899
1031	46205
1032	46513
1033	46801
1034	46609
1035	46383
1036	46402
1037	46635
1038	46774
1039	46435
1040	46108
1041	46703
1042	46211
1043	46611
1044	46354
1045	46449
1046	46100
1047	46026
1048	46231
1049	46149
1050	46623
1051	46249
1052	46284
1053	46105
1054	45986
1055	46660
1056	46529
1057	46311
1058	46330
1059	46081
1060	46063
1061	46379
1062	46204
1063	46221
1064	46180
1065	46222
1066	46541
1067	45902
1068	46009
1069	46424
1070	46057
1071	46491
1072	46404
1073	45955
1074	46202
1075	46155
1076	46188
1077	45826
1078	46058
1079	45903
1080	46003
1081	46316
1082	45736
1083	46243
1084	46271
1085	45880
1086	45791
1087	46094
1088	45964
1089	46020
1090	45887
1091	46439
1092	45695
1093	45760
1094	46134
1095	46353
1096	46241
1097	46409
1098	45833
1099	46356
1100	46127
1101	46118
1102	45910
1103	46143
1104	45330
1105	46135
1106	45622
1107	46011
1108	45871
1109	46032
1110	46203
1111	46086
1112	45780
1113	46085
1114	46342
1115	45954
1116	46434
1117	46071
1118	45766
1119	45927
1120	46264
1121	45950
1122	46190
1123	46194
1124	46113
1125	45877
1126	46099
1127	46146
1128	45996
1129	46142
1130	46384
1131	46283
1132	46216
1133	46124
1134	46026
1135	46032
1136	46248
1137	46055
1138	46104
1139	46179
1140	46317
1141	46533
1142	46243
1143	46206
1144	46397
1145	46442
1146	45959
1147	46322
1148	45997
1149	46386
1150	46559
1151	45912
1152	46037
1153	46165
1154	46217
1155	46519
1156	46473
1157	46315
1158	46313
1159	46630
1160	46271
1161	45905
1162	45965
1163	46534
1164	46255
1165	46315
1166	46322
1167	46296
1168	46421
1169	46245
1170	45967
1171	46090
1172	45838
1173	46239
1174	46165
1175	46068
1176	46245
1177	46558
1178	46169
1179	46348
1180	46053
1181	46303
1182	46191
1183	46025
1184	46271
1185	46308
1186	45923
1187	46288
1188	46343
1189	46284
1190	46510
1191	46000
1192	46148
1193	46308
1194	46242
1195	46021
1196	46632
1197	46052
1198	46106
1199	46193
1200	46525
1201	46304
1202	45863
1203	45966
1204	46268
1205	46446
1206	46156
1207	46322
1208	46339
1209	45903
1210	46331
1211	46012
1212	45674
1213	45843
1214	46370
1215	45924
1216	46577
1217	46011
1218	46366
1219	46189
1220	46022
1221	46060
1222	46338
1223	46098
1224	46742
1225	46294
1226	46041
1227	45943
1228	46224
1229	46426
1230	45816
1231	46373
1232	46072
1233	46169
1234	46182
1235	46347
1236	46279
1237	46525
1238	46416
1239	46319
1240	46438
1241	45982
1242	46441
1243	46528
1244	46552
1245	46120
1246	46611
1247	46714
1248	46385
1249	46254
1250	46532
1251	46189
1252	46235
1253	46491
1254	46360
1255	46087
1256	46473
1257	46373
1258	46209
1259	46489
1260	46413
1261	46531
1262	46274
1263	46402
1264	46033
1265	46253
1266	46376
1267	46420
1268	46153
1269	46437
1270	46272
1271	45916
1272	45909
1273	46181
1274	46597
1275	45984
1276	46051
1277	46177
1278	45989
1279	46539
1280	46339
1281	46340
1282	46017
1283	46560
1284	46438
1285	46223
1286	46552
1287	46363
1288	46164
1289	46308
1290	46235
1291	46207
1292	46249
1293	46412
1294	46167
1295	46213
1296	46068
1297	46336
1298	46612
1299	45988
1300	46473
1301	46479
1302	46501
1303	46602
1304	46248
1305	46130
1306	46228
1307	46292
1308	46343
1309	46509
1310	46203
1311	46579
1312	46322
1313	46572
1314	45853
1315	46440
1316	45932
1317	46747
1318	46564
1319	46557
1320	46363
1321	46692
1322	46344
1323	46652
1324	46541
1325	46521
1326	46555
1327	46441
1328	46407
1329	46908
1330	46913
1331	46673
1332	46499
1333	46826
1334	46547
1335	46571
1336	46615
1337	46709
1338	46271
1339	46807
1340	46575
1341	46408
1342	46595
1343	46577
1344	46715
1345	46840
1346	46291
1347	46312
1348	47089
1349	46830
1350	46606
1351	46764
1352	46730
1353	46731
1354	46458
1355	46790
1356	46861
1357	46444
1358	46801
1359	46421
1360	46287
1361	46667
1362	46816
1363	46626
1364	46440
1365	47240
1366	46538
1367	47099
1368	46740
1369	46632
1370	46196
1371	46501
1372	46089
1373	46386
1374	46473
1375	46649
1376	46636
1377	46247
1378	46557
1379	46347
1380	46662
1381	46829
1382	46297
1383	46459
1384	46259
1385	46484
1386	46138
1387	46261
1388	46389
1389	46358
1390	46413
1391	45902
1392	46028
1393	46300
1394	46253
1395	46287
1396	45720
1397	46239
1398	46268
1399	46060
1400	46125
1401	45739
1402	46102
1403	45548
1404	46270
1405	45824
1406	46125
1407	46057
1408	45912
1409	46318
1410	46233
1411	46025
1412	46102
1413	46237
1414	46029
1415	46589
1416	45743
1417	46000
1418	46011
1419	45894
1420	45737
1421	45617
1422	46241
1423	46317
1424	45981
1425	45680
1426	45616
1427	46169
1428	45728
1429	45992
1430	46286
1431	45695
1432	46629
1433	46104
1434	46178
1435	46034
1436	45746
1437	46044
1438	46479
1439	46065
1440	46434
1441	46163
1442	45882
1443	45805
1444	46129
1445	46157
1446	46093
1447	46360
1448	45896
1449	46025
1450	45760
1451	46310
1452	45763
1453	45832
1454	46136
1455	46103
1456	46562
1457	46235
1458	46482
1459	45683
1460	45880
1461	45723
1462	46009
1463	46233
1464	46352
1465	46112
1466	46482
1467	46005
1468	45925
1469	46178
1470	46161
1471	46325
1472	46070
1473	46142
1474	45968
1475	45969
1476	46308
1477	46203
1478	46424
1479	46151
1480	46327
1481	46339
1482	46026
1483	46162
1484	46310
1485	46256
1486	46078
1487	46331
1488	46307
1489	46082
1490	45976
1491	46206
1492	46410
1493	46137
1494	46237
1495	46593
1496	46179
1497	46041
1498	46397
1499	46451
1500	46218
1501	46121
1502	46018
1503	45833
1504	46397
1505	46249
1506	46330
1507	46168
1508	46033
1509	46013
1510	46308
1511	46084
1512	46014
1513	45909
1514	45682
1515	45864
1516	45857
1517	46053
1518	46220
1519	46182
1520	46459
1521	46256
1522	46057
1523	46034
1524	46109
1525	46124
1526	46160
1527	45704
1528	46524
1529	45883
1530	46393
1531	45938
1532	45842
1533	45996
1534	46036
1535	46194
1536	45934
1537	46316
1538	46285
1539	46074
1540	45992
1541	46362
1542	46243
1543	46116
1544	46675
1545	46202
1546	46123
1547	46180
1548	46188
1549	46186
1550	45721
1551	46056
1552	46305
1553	46455
1554	46053
1555	46529
1556	46195
1557	46333
1558	46115
1559	46386
1560	46667
1561	46225
1562	46317
1563	46367
1564	46111
1565	46511
1566	46196
1567	46570
1568	46111
1569	46452
1570	46362
1571	46466
1572	46357
1573	46251
1574	46506
1575	46731
1576	46757
1577	46558
1578	46455
1579	46317
1580	46128
1581	46376
1582	46287
1583	46355
1584	46322
1585	45981
1586	46562
1587	46354
1588	46549
1589	46116
1590	46617
1591	46084
1592	46197
1593	46078
1594	46216
1595	46573
1596	46153
1597	46526
1598	46147
1599	45806
1600	46528
1601	46286
1602	46498
1603	46202
1604	46402
1605	46327
1606	46528
1607	46218
1608	46050
1609	46076
1610	46330
1611	45976
1612	46188
1613	46131
1614	45979
1615	46168
1616	46044
1617	46397
1618	46106
1619	45641
1620	46001
1621	46098
1622	46121
1623	46468
1624	46286
1625	46371
1626	46111
1627	46247
1628	45836
1629	46445
1630	46256
1631	46454
1632	46111
1633	46120
1634	45998
1635	45892
1636	45836
1637	45790
1638	46348
1639	46295
1640	46069
1641	46274
1642	45886
1643	45982
1644	46256
1645	46343
1646	46114
1647	45776
1648	46561
1649	46251
1650	46055
1651	46348
1652	46575
1653	46804
1654	46325
1655	46229
1656	46268
1657	46328
1658	46130
1659	46455
1660	46476
1661	45983
1662	46142
1663	46551
1664	45963
1665	46372
1666	46717
1667	46422
1668	46308
1669	46401
1670	46771
1671	46667
1672	46370
1673	46575
1674	46363
1675	46376
1676	46706
1677	46461
1678	46665
1679	46156
1680	46372
1681	46434
1682	46403
1683	46847
1684	46714
1685	46414
1686	46807
1687	46540
1688	46661
1689	46503
1690	46553
1691	46617
1692	46414
1693	46586
1694	46354
1695	46492
1696	46351
1697	46723
1698	46238
1699	46151
1700	46591
1701	46393
1702	46520
1703	46586
1704	46646
1705	46708
1706	46581
1707	46324
1708	46548
1709	46356
1710	46585
1711	46704
1712	46316
1713	46179
1714	46316
1715	46508
1716	46419
1717	46505
1718	46339
1719	46636
1720	46416
1721	46270
1722	46768
1723	46131
1724	45955
1725	46411
1726	46346
1727	46614
1728	46689
1729	46455
1730	46673
1731	46442
1732	46206
1733	46361
1734	46275
1735	46455
1736	46232
1737	46163
1738	46758
1739	46347
1740	46077
1741	45957
1742	46463
1743	46349
1744	46250
1745	46410
1746	45985
1747	46251
1748	46444
1749	46287
1750	46218
1751	46029
1752	46373
1753	45990
1754	46152
1755	46195
1756	46226
1757	46250
1758	46173
1759	45879
1760	45885
1761	46608
1762	46205
1763	46089
1764	46202
1765	46567
1766	46098
1767	46446
1768	46060
1769	46187
1770	46244
1771	46101
1772	46408
1773	45883
1774	46384
1775	46170
1776	45854
1777	46316
1778	46418
1779	46243
1780	46501
1781	45976
1782	46441
1783	46311
1784	46270
1785	46219
1786	45995
1787	45996
1788	45986
1789	46366
1790	46339
1791	46172
1792	46391
1793	45704
1794	46022
1795	46383
1796	46646
1797	46359
1798	46528
1799	46501
1800	46122
1801	46593
1802	46207
1803	45973
1804	46423
1805	46528
1806	46287
1807	46414
1808	46393
1809	46365
1810	46197
1811	46320
1812	46612
1813	46117
1814	46720
1815	45940
1816	46377
1817	46109
1818	46309
1819	46067
1820	46423
1821	46247
1822	46278
1823	46289
1824	46069
1825	46147
1826	45792
1827	46560
1828	46130
1829	46252
1830	46274
1831	46047
1832	46425
1833	46406
1834	46225
1835	46183
1836	46207
1837	46305
1838	46335
1839	46139
1840	45863
1841	45939
1842	46384
1843	46012
1844	45769
1845	46129
1846	46418
1847	46121
1848	46270
1849	45982
1850	45976
1851	46045
1852	46215
1853	45692
1854	45872
1855	46046
1856	46203
1857	46122
1858	46416
1859	46502
1860	46355
1861	46158
1862	46015
1863	46360
1864	46498
1865	46337
1866	45646
1867	46167
1868	46076
1869	46117
1870	45802
1871	46101
1872	46024
1873	46182
1874	45984
1875	46233
1876	46346
1877	46219
1878	46085
1879	45769
1880	45890
1881	46214
1882	46131
1883	46069
1884	46622
1885	46108
1886	46071
1887	46128
1888	46217
1889	45846
1890	46261
1891	46209
1892	46075
1893	46370
1894	45845
1895	46252
1896	46018
1897	45692
1898	46059
1899	45772
1900	46084
1901	45897
1902	45898
1903	46245
1904	46625
1905	46232
1906	45784
1907	45952
1908	46132
1909	46016
1910	46002
1911	46240
1912	45999
1913	45943
1914	46153
1915	46320
1916	46178
1917	46300
1918	46145
1919	46298
1920	46207
1921	45964
1922	46420
1923	45966
1924	46126
1925	46081
1926	45707
1927	46177
1928	46057
1929	46359
1930	46495
1931	46120
1932	45944
1933	45933
1934	46195
1935	46409
1936	45887
1937	46067
1938	45789
1939	46512
1940	46312
1941	46142
1942	45879
1943	46178
1944	46299
1945	45959
1946	46177
1947	45884
1948	46205
1949	46077
1950	46007
1951	45933
1952	46186
1953	45853
1954	45981
1955	46091
1956	46125
1957	46753
1958	45869
1959	45964
1960	45755
1961	46229
1962	46046
1963	46757
1964	46101
1965	45910
1966	46365
1967	46421
1968	46215
1969	46603
1970	46254
1971	46302
1972	46022
1973	46346
1974	46104
1975	46566
1976	46581
1977	45960
1978	46304
1979	45990
1980	46125
1981	46311
1982	46195
1983	45956
1984	45870
1985	46431
1986	46428
1987	46286
1988	46263
1989	45869
1990	46272
1991	46050
1992	46115
1993	46432
1994	46085
1995	46339
1996	45939
1997	46177
1998	46206
1999	46265
2000	46431
2001	46311
2002	46138
2003	46461
2004	46140
2005	45671
2006	46559
2007	45950
2008	46129
2009	46411
2010	46319
2011	46796
2012	46242
2013	46597
2014	46525
2015	46377
2016	46640
2017	46052
2018	46458
2019	46417
2020	46291
2021	46111
2022	46324
2023	46265
2024	45991
2025	46388
2026	46224
2027	46259
2028	45999
2029	45994
2030	46129
2031	45750
2032	46642
2033	46168
2034	46272
2035	46460
2036	46717
2037	46081
2038	46359
2039	46318
2040	46396
2041	46290
2042	46534
2043	46238
2044	46373
2045	46714
2046	46138
2047	46446
2048	46022
2049	46081
2050	46372
2051	46310
2052	46525
2053	46021
2054	46631
2055	46102
2056	46314
2057	46427
2058	46686
2059	46409
2060	46372
2061	46273
2062	46217
2063	46473
2064	46165
2065	46336
2066	46562
2067	46353
2068	46410
2069	46402
2070	45948
2071	46441
2072	46712
2073	46419
2074	46121
2075	46312
2076	46625
2077	46322
2078	46614
2079	46230
2080	46470
2081	46385
2082	46429
2083	46332
2084	46431
2085	46374
2086	46774
2087	46174
2088	46143
2089	46496
2090	47148
2091	46380
2092	46305
2093	46433
2094	46420
2095	46485
2096	46386
2097	46237
2098	46698
2099	46455
2100	46312
2101	46355
2102	46664
2103	46369
2104	46146
2105	46333
2106	46632
2107	46307
2108	46511
2109	46041
2110	46447
2111	46132
2112	46322
2113	46568
2114	46165
2115	46494
2116	46312
2117	46510
2118	46497
2119	46194
2120	46553
2121	46614
2122	46384
2123	46809
2124	46317
2125	46104
2126	46197
2127	46347
2128	46285
2129	46250
2130	46370
2131	46233
2132	46275
2133	46334
2134	46556
2135	46034
2136	46508
2137	46459
2138	46428
2139	46190
2140	46465
2141	46251
2142	46261
2143	46442
2144	46519
2145	46101
2146	46263
2147	46645
2148	46155
2149	46063
2150	46427
2151	45851
2152	45756
2153	46205
2154	45926
2155	46206
2156	46154
2157	46331
2158	46449
2159	46163
2160	45513
2161	46635
2162	46202
2163	46416
2164	46477
2165	45969
2166	46193
2167	46032
2168	46188
2169	46080
2170	46585
2171	46241
2172	45904
2173	46152
2174	46445
2175	46459
2176	46367
2177	46088
2178	45711
2179	46210
2180	46013
2181	46244
2182	45996
2183	46051
2184	46012
2185	46307
2186	46136
2187	46415
2188	45674
2189	45734
2190	46502
2191	46610
2192	46282
2193	46339
2194	46362
2195	45881
2196	46297
2197	46067
2198	46300
2199	46143
2200	46452
2201	45568
2202	45853
2203	46097
2204	45925
2205	46304
2206	46068
2207	46190
2208	46279
2209	46284
2210	46141
2211	46119
2212	45805
2213	45519
2214	45976
2215	45947
2216	46238
2217	46356
2218	46045
2219	45847
2220	45766
2221	46218
2222	45861
2223	46178
2224	46010
2225	45749
2226	45947
2227	46003
2228	45953
2229	46047
2230	45965
2231	46198
2232	46063
2233	46121
2234	46036
2235	46140
2236	45885
2237	46147
2238	45802
2239	45987
2240	46285
2241	45846
2242	46049
2243	45637
2244	45951
2245	46070
2246	45907
2247	45764
2248	46052
2249	46266
2250	45624
2251	45942
2252	46181
2253	45693
2254	45770
2255	46196
2256	46319
2257	46327
2258	45936
2259	46010
2260	45583
2261	46209
2262	45824
2263	46066
2264	45916
2265	45869
2266	45757
2267	46228
2268	46247
2269	46317
2270	46209
2271	46003
2272	45950
2273	45936
2274	46132
2275	45743
2276	46040
2277	46142
2278	46092
2279	45934
2280	46061
2281	46013
2282	45872
2283	45649
2284	46173
2285	45910
2286	45972
2287	46360
2288	46139
2289	45910
2290	46288
2291	46220
2292	46231
2293	45922
2294	46295
2295	46020
2296	46337
2297	46289
2298	46053
2299	46212
2300	46155
2301	46285
2302	46303
2303	45928
2304	46423
2305	46315
2306	46376
2307	46413
2308	46055
2309	46702
2310	46372
2311	45993
2312	46449
2313	46269
2314	46248
2315	46277
2316	46082
2317	46569
2318	45988
2319	46200
2320	46106
2321	46048
2322	46427
2323	46182
2324	46529
2325	46155
2326	46361
2327	46521
2328	46243
2329	46059
2330	46147
2331	45691
2332	46357
2333	46328
2334	46337
2335	46564
2336	46626
2337	46130
2338	46396
2339	45829
2340	45988
2341	45873
2342	46127
2343	45992
2344	46117
2345	46304
2346	46203
2347	46313
2348	46157
2349	46022
2350	46242
2351	46154
2352	46238
2353	46425
2354	45863
2355	46183
2356	46113
2357	46170
2358	46214
2359	46316
2360	46122
2361	46108
2362	46473
2363	46182
2364	45911
2365	45984
2366	45802
2367	46033
2368	46287
2369	46002
2370	45994
2371	46394
2372	46129
2373	46236
2374	46519
2375	46443
2376	46514
2377	45830
2378	46332
2379	45936
2380	46612
2381	46333
2382	45983
2383	46197
2384	46336
2385	46403
2386	46355
2387	45834
2388	46430
2389	46172
2390	46345
2391	46490
2392	46009
2393	46430
2394	46228
2395	46417
2396	46283
2397	46620
2398	46346
2399	46523
2400	46336
2401	46311
2402	46531
2403	46126
2404	46362
2405	46366
2406	46325
2407	46102
2408	46304
2409	46324
2410	46482
2411	46275
2412	46233
2413	46329
2414	46428
2415	46405
2416	46359
2417	46045
2418	46433
2419	46104
2420	46307
2421	45863
2422	46298
2423	46432
2424	45685
2425	46269
2426	46266
2427	46504
2428	46234
2429	46151
2430	46484
2431	45982
2432	46326
2433	46155
2434	46463
2435	46095
2436	46049
2437	46207
2438	46083
2439	46485
2440	46047
2441	46044
2442	46311
2443	46056
2444	46016
2445	45756
2446	46214
2447	46228
2448	46024
2449	46000
2450	46443
2451	46330
2452	46109
2453	46130
2454	46274
2455	45913
2456	45791
2457	46040
2458	46188
2459	46510
2460	46135
2461	46143
2462	46250
2463	45964
2464	46180
2465	46157
2466	46240
2467	46123
2468	46140
2469	46178
2470	46304
2471	46167
2472	46377
2473	46038
2474	46172
2475	46231
2476	46285
2477	46192
2478	45987
2479	46112
2480	46284
2481	46331
2482	46059
2483	46435
2484	46625
2485	46025
2486	46213
2487	46248
2488	45871
2489	46135
2490	45956
2491	46535
2492	46370
2493	46180
2494	46242
2495	46164
2496	46031
2497	45943
2498	46046
2499	46039
2500	46226
2501	46448
2502	45980
2503	46200
2504	46566
2505	46054
2506	46274
2507	46316
2508	46406
2509	45951
2510	46194
2511	46612
2512	46153
2513	46084
2514	46718
2515	46230
2516	46661
2517	46428
2518	46158
2519	46271
2520	46200
2521	46124
2522	45937
2523	46498
2524	46446
2525	45750
2526	45996
2527	46506
2528	46444
2529	46648
2530	46072
2531	46308
2532	46493
2533	46265
2534	46215
2535	46121
2536	46624
2537	46431
2538	46137
2539	46703
2540	46451
2541	46209
2542	46430
2543	45977
2544	46049
2545	46421
2546	46182
2547	46319
2548	46245
2549	46213
2550	46247
2551	46362
2552	46230
2553	46132
2554	46425
2555	46486
2556	45979
2557	46944
2558	46709
2559	46120
2560	46460
2561	46151
2562	46026
2563	46522
2564	45811
2565	45906
2566	46508
2567	46262
2568	46179
2569	46407
2570	46243
2571	46490
2572	46323
2573	46232
2574	46348
2575	46558
2576	46151
2577	46399
2578	46254
2579	46428
2580	46230
2581	45971
2582	46166
2583	46285
2584	46089
2585	46295
2586	46652
2587	46587
2588	46254
2589	46237
2590	46227
2591	46180
2592	46526
2593	46076
2594	46257
2595	46566
2596	46752
2597	46372
2598	46011
2599	46915
2600	46491
2601	46174
2602	46155
2603	46767
2604	46346
2605	46212
2606	46729
2607	46183
2608	46294
2609	46201
2610	46642
2611	46202
2612	46966
2613	46775
2614	46198
2615	46281
2616	46433
2617	46256
2618	46254
2619	46293
2620	46512
2621	46738
2622	46578
2623	46439
2624	46415
2625	46496
2626	46380
2627	46205
2628	46566
2629	46558
2630	46580
2631	46262
2632	46711
2633	46339
2634	46785
2635	46692
2636	46354
2637	46501
2638	46604
2639	46477
2640	46626
2641	46261
2642	46759
2643	46103
2644	46385
2645	46316
2646	46382
2647	46252
2648	46514
2649	46653
2650	46667
2651	46320
2652	46170
2653	46703
2654	46564
2655	46307
2656	46092
2657	46568
2658	46302
2659	46067
2660	46476
2661	46505
2662	46285
2663	46379
2664	46310
2665	46174
2666	46126
2667	46593
2668	46240
2669	46054
2670	46286
2671	46090
2672	46161
2673	46326
2674	45985
2675	46271
2676	45803
2677	46065
2678	46046
2679	46190
2680	46054
2681	46190
2682	46301
2683	46108
2684	46009
2685	45780
2686	45965
2687	45656
2688	46478
2689	45916
2690	45934
2691	46022
2692	45500
2693	45992
2694	45847
2695	45880
2696	45913
2697	45997
2698	46197
2699	46224
2700	45906
2701	45807
2702	46007
2703	46014
2704	45777
2705	45821
2706	45836
2707	45671
2708	45991
2709	45942
2710	45628
2711	46334
2712	46713
2713	45907
2714	45487
2715	45908
2716	46159
2717	45714
2718	45523
2719	45548
2720	45756
2721	45849
2722	45894
2723	46023
2724	46060
2725	45633
2726	45869
2727	45984
2728	46007
2729	45757
2730	46236
2731	45957
2732	46465
2733	46175
2734	46380
2735	46006
2736	46302
2737	45934
2738	46029
2739	46025
2740	46102
2741	46072
2742	46211
2743	45819
2744	45891
2745	45760
2746	46013
2747	46225
2748	46073
2749	45993
2750	46086
2751	46056
2752	46291
2753	46361
2754	46305
2755	46221
2756	46175
2757	46214
2758	46864
2759	46660
2760	46525
2761	46480
2762	46718
2763	46547
2764	46371
2765	46582
2766	46493
2767	46111
2768	46416
2769	46281
2770	46319
2771	46387
2772	46698
2773	46266
2774	46065
2775	46374
2776	46494
2777	46325
2778	46132
2779	46262
2780	46216
2781	46390
2782	46445
2783	46086
2784	46323
2785	46555
2786	46428
2787	46269
2788	46213
2789	46191
2790	46421
2791	46802
2792	45731
2793	46605
2794	46360
2795	46320
2796	46492
2797	46416
2798	46407
2799	46327
2800	46541
2801	46185
2802	46710
2803	46733
2804	46274
2805	46476
2806	46178
2807	46373
2808	46784
2809	46608
2810	45968
2811	45992
2812	46357
2813	46222
2814	46196
2815	46533
2816	46511
2817	46378
2818	46728
2819	46471
2820	45993
2821	46842
2822	46534
2823	46050
2824	45843
2825	46390
2826	46536
2827	46424
2828	46452
2829	46378
2830	46467
2831	46396
2832	46543
2833	46652
2834	46337
2835	46403
2836	46329
2837	46598
2838	46684
2839	46364
2840	46429
2841	46608
2842	46775
2843	47024
2844	46511
2845	46208
2846	46442
2847	46585
2848	46507
2849	46779
2850	46597
2851	46241
2852	46792
2853	46569
2854	46515
2855	46485
2856	46680
2857	46469
2858	46575
2859	46576
2860	46588
2861	46672
2862	47040
2863	46689
2864	46808
2865	46861
2866	46980
2867	46666
2868	46484
2869	46944
2870	46427
2871	46495
2872	46469
2873	46575
2874	46629
2875	46224
2876	46412
2877	46100
2878	46482
2879	46316
2880	46455
2881	46375
2882	46381
2883	46380
2884	46349
2885	46366
2886	46152
2887	46418
2888	46515
2889	46429
2890	46445
2891	46520
2892	46450
2893	46294
2894	46202
2895	46203
2896	46104
2897	46055
2898	46351
2899	46583
2900	46104
2901	46291
2902	46508
2903	46078
2904	46466
2905	46141
2906	45841
2907	46019
2908	45878
2909	45596
2910	45817
2911	46016
2912	46435
2913	46023
2914	46281
2915	45869
2916	46031
2917	46020
2918	45824
2919	46302
2920	45585
2921	46191
2922	46000
2923	46289
2924	45966
2925	46143
2926	45651
2927	45921
2928	46143
2929	46118
2930	45882
2931	46019
2932	45911
2933	46355
2934	45879
2935	45752
2936	45666
2937	45935
2938	46209
2939	45719
2940	45929
2941	45942
2942	45824
2943	45916
2944	45905
2945	45883
2946	45567
2947	45782
2948	45279
2949	45746
2950	45932
2951	45684
2952	45940
2953	46035
2954	45827
2955	45908
2956	45411
2957	45875
2958	45844
2959	46220
2960	45645
2961	45840
2962	45926
2963	45782
2964	46046
2965	45909
2966	45604
2967	46023
2968	45828
2969	46070
2970	45452
2971	45864
2972	45825
2973	45602
2974	45826
2975	45996
2976	45883
2977	45832
2978	45772
2979	46019
2980	45561
2981	46213
2982	45817
2983	45862
2984	45912
2985	45874
2986	46154
2987	46035
2988	45761
2989	45776
2990	46111
2991	46315
2992	45558
2993	46069
2994	45749
2995	45855
2996	45649
2997	45897
2998	45836
2999	46264
3000	45764
3001	46093
3002	46126
3003	45550
3004	46083
3005	45967
3006	45958
3007	45754
3008	46217
3009	46016
3010	46191
3011	45991
3012	46395
3013	46344
3014	46000
3015	45817
3016	45905
3017	45684
3018	45832
3019	46306
3020	45986
3021	45730
3022	46183
3023	46258
3024	46307
3025	45854
3026	46161
3027	45938
3028	46438
3029	46219
3030	45973
3031	45983
3032	46077
3033	46345
3034	46333
3035	46613
3036	46713
3037	46623
3038	46393
3039	46509
3040	46369
3041	46398
3042	46145
3043	46340
3044	46426
3045	46974
3046	46207
3047	46621
3048	46854
3049	46500
3050	46425
3051	46611
3052	46411
3053	46471
3054	46362
3055	46615
3056	46695
3057	46597
3058	46507
3059	46455
3060	46632
3061	46866
3062	46733
3063	46555
3064	46740
3065	47074
3066	46575
3067	46408
3068	46918
3069	47345
3070	46751
3071	46856
3072	46750
3073	46541
3074	47045
3075	46551
3076	47091
3077	46651
3078	46715
3079	46662
3080	46267
3081	46703
3082	46486
3083	46791
3084	46299
3085	46438
3086	46157
3087	46593
3088	46606
3089	46668
3090	46351
3091	46454
3092	46257
3093	46882
3094	46918
3095	46491
3096	46438
3097	46637
3098	46354
3099	46469
3100	46518
3101	46882
3102	46247
3103	46101
3104	46275
3105	46132
3106	46481
3107	46236
3108	46249
3109	46266
3110	46390
3111	45998
3112	45979
3113	45803
3114	46568
3115	46171
3116	46222
3117	46223
3118	46247
3119	46574
3120	45899
3121	46048
3122	46157
3123	46302
3124	45988
3125	46108
3126	46431
3127	46162
3128	45518
3129	46394
3130	45648
3131	45885
3132	45933
3133	45903
3134	45979
3135	45700
3136	45708
3137	45693
3138	46185
3139	45965
3140	45814
3141	45447
3142	46158
3143	46065
3144	45699
3145	45737
3146	45549
3147	45802
3148	46081
3149	45480
3150	45193
3151	45611
3152	45575
3153	45567
3154	45489
3155	45689
3156	46053
3157	45796
3158	45485
3159	45547
3160	45816
3161	45873
3162	45705
3163	45525
3164	45451
3165	45325
3166	45565
3167	45576
3168	45667
3169	45605
3170	45351
3171	45903
3172	45712
3173	45573
3174	45460
3175	45955
3176	45870
3177	46099
3178	45846
3179	45863
3180	45781
3181	45701
3182	45618
3183	45930
3184	45760
3185	45699
3186	45548
3187	45772
3188	45675
3189	45952
3190	45621
3191	45998
3192	45783
3193	45766
3194	45914
3195	45863
3196	46086
3197	45952
3198	45614
3199	45680
3200	46040
3201	45724
3202	46076
3203	46330
3204	45832
3205	46025
3206	46243
3207	46009
3208	46417
3209	46289
3210	46043
3211	46080
3212	46265
3213	46381
3214	45997
3215	46552
3216	46189
3217	46211
3218	46293
3219	45910
3220	46156
3221	46657
3222	46068
3223	46006
3224	46152
3225	46351
3226	45894
3227	46411
3228	46485
3229	46370
3230	46106
3231	46310
3232	46245
3233	46550
3234	46600
3235	46288
3236	46270
3237	46966
3238	46742
3239	46768
3240	46290
3241	46517
3242	46634
3243	46664
3244	46481
3245	46579
3246	46613
3247	47348
3248	46661
3249	46836
3250	46559
3251	46666
3252	46794
3253	46386
3254	46793
3255	46626
3256	47201
3257	46898
3258	47028
3259	46776
3260	47023
3261	46761
3262	46588
3263	47038
3264	47043
3265	46938
3266	47549
3267	47207
3268	46679
3269	47198
3270	46953
3271	47273
3272	47058
3273	46901
3274	47277
3275	47042
3276	47056
3277	47180
3278	47272
3279	47469
3280	47492
3281	47315
3282	47056
3283	47137
3284	47315
3285	47274
3286	47114
3287	46974
3288	46820
3289	47480
3290	46994
3291	47352
3292	46895
3293	46978
3294	47129
3295	47389
3296	46901
3297	47620
3298	47471
3299	46795
3300	47178
3301	47232
3302	47175
3303	47099
3304	46805
3305	47480
3306	47239
3307	47295
3308	47224
3309	47212
3310	47011
3311	46647
3312	46992
3313	47042
3314	47064
3315	47161
3316	47422
3317	46853
3318	46946
3319	47077
3320	46827
3321	46864
3322	47282
3323	46793
3324	47172
3325	46965
3326	46495
3327	46701
3328	47045
3329	46713
3330	46995
3331	46806
3332	46663
3333	47027
3334	46399
3335	46377
3336	46864
3337	46654
3338	46345
3339	46407
3340	46656
3341	46304
3342	46423
3343	46668
3344	46851
3345	46703
3346	46165
3347	46323
3348	46403
3349	46158
3350	46139
3351	46469
3352	46745
3353	46150
3354	45878
3355	46305
3356	46032
3357	46146
3358	46314
3359	45989
3360	46247
3361	46006
3362	46454
3363	46320
3364	46006
3365	46109
3366	45881
3367	46109
3368	45915
3369	46028
3370	45871
3371	46049
3372	45934
3373	45899
3374	45973
3375	46334
3376	45703
3377	46232
3378	45927
3379	45870
3380	45750
3381	45874
3382	45875
3383	46112
3384	45820
3385	45709
3386	45798
3387	46063
3388	45780
3389	45811
3390	46016
3391	46281
3392	46110
3393	46195
3394	45838
3395	45820
3396	46093
3397	45720
3398	46108
3399	45776
3400	45733
3401	46316
3402	45941
3403	46367
3404	45897
3405	46196
3406	45753
3407	45806
3408	46244
3409	45912
3410	45811
3411	46392
3412	45779
3413	46073
3414	46433
3415	46176
3416	46189
3417	45901
3418	45892
3419	46142
3420	46640
3421	45919
3422	45875
3423	46295
3424	46215
3425	46569
3426	46285
3427	46268
3428	46332
3429	46644
3430	46336
3431	46151
3432	46104
3433	46022
3434	46692
3435	46328
3436	46107
3437	46692
3438	46231
3439	46372
3440	46533
3441	46567
3442	47005
3443	46394
3444	46740
3445	46282
3446	46643
3447	46823
3448	46443
3449	46106
3450	46323
3451	46725
3452	46945
3453	46749
3454	46573
3455	46447
3456	46582
3457	46495
3458	46486
3459	46262
3460	46662
3461	46781
3462	46948
3463	46810
3464	46686
3465	46599
3466	46636
3467	46418
3468	46892
3469	46769
3470	47005
3471	46914
3472	47010
3473	46920
3474	46691
3475	46841
3476	46482
3477	46796
3478	46689
3479	47004
3480	46689
3481	46987
3482	46920
3483	46929
3484	46852
3485	46497
3486	47013
3487	46854
3488	46810
3489	46909
3490	47176
3491	47161
3492	47244
3493	46733
3494	46888
3495	46900
3496	47142
3497	46596
3498	46851
3499	46855
3500	46965
3501	46891
3502	46882
3503	46634
3504	46759
3505	46820
3506	46925
3507	46863
3508	46715
3509	46551
3510	47101
3511	46845
3512	47007
3513	47044
3514	46885
3515	46676
3516	46864
3517	46742
3518	47208
3519	46961
3520	46311
3521	46543
3522	46479
3523	46955
3524	46837
3525	46644
3526	46618
3527	46535
3528	46359
3529	46427
3530	46428
3531	46034
3532	46485
3533	46507
3534	46594
3535	46373
3536	46516
3537	46508
3538	46401
3539	46288
3540	46464
3541	46250
3542	46289
3543	46188
3544	46338
3545	46147
3546	46319
3547	45872
3548	45770
3549	45731
3550	46285
3551	45464
3552	45750
3553	46040
3554	45650
3555	45958
3556	45838
3557	45461
3558	46021
3559	45436
3560	45899
3561	46183
3562	45900
3563	45755
3564	45520
3565	45590
3566	45919
3567	45718
3568	45712
3569	45750
3570	45639
3571	45584
3572	45646
3573	45239
3574	45889
3575	45397
3576	45467
3577	45370
3578	45664
3579	45715
3580	45700
3581	46016
3582	45552
3583	45695
3584	45784
3585	45730
3586	45751
3587	45856
3588	45460
3589	45661
3590	45527
3591	45345
3592	45489
3593	45450
3594	45994
3595	45262
3596	45827
3597	45757
3598	45898
3599	45790
3600	45503
3601	45600
3602	45693
3603	45741
3604	45773
3605	45645
3606	45705
3607	45636
3608	45778
3609	45755
3610	45778
3611	45199
3612	45685
3613	45529
3614	46038
3615	45988
3616	45585
3617	45473
3618	46107
3619	45884
3620	45933
3621	46180
3622	46123
3623	46590
3624	46262
3625	46123
3626	46260
3627	46471
3628	46122
3629	46060
3630	46124
3631	46457
3632	45890
3633	46328
3634	45793
3635	46951
3636	46314
3637	46319
3638	46550
3639	46448
3640	46240
3641	46314
3642	46008
3643	46534
3644	46694
3645	46733
3646	46191
3647	46208
3648	46606
3649	46598
3650	47022
3651	46665
3652	46675
3653	46705
3654	46697
3655	46469
3656	46602
3657	46877
3658	46643
3659	47215
3660	46562
3661	46969
3662	46312
3663	46543
3664	46750
3665	46565
3666	47033
3667	46553
3668	46864
3669	46641
3670	46544
3671	46734
3672	46691
3673	46767
3674	46733
3675	47195
3676	46508
3677	46940
3678	46510
3679	46387
3680	46468
3681	46582
3682	47387
3683	46718
3684	46706
3685	46866
3686	46668
3687	46699
3688	46168
3689	46258
3690	46465
3691	46265
3692	46516
3693	46732
3694	46477
3695	46499
3696	46422
3697	46389
3698	46239
3699	46527
3700	46400
3701	46349
3702	46426
3703	46438
3704	46233
3705	46317
3706	46205
3707	46594
3708	46474
3709	45854
3710	46136
3711	46173
3712	46040
3713	46007
3714	46518
3715	46213
3716	45808
3717	45958
3718	46006
3719	46113
3720	45815
3721	46020
3722	45766
3723	45669
3724	45702
3725	45966
3726	45834
3727	45797
3728	45467
3729	45487
3730	45953
3731	45868
3732	45563
3733	45888
3734	45745
3735	45686
3736	45556
3737	45678
3738	45886
3739	45807
3740	45760
3741	45463
3742	45685
3743	45293
3744	45558
3745	45683
3746	45432
3747	45978
3748	45516
3749	45738
3750	45767
3751	45668
3752	45732
3753	45589
3754	45424
3755	45649
3756	45479
3757	45466
3758	45385
3759	45492
3760	45535
3761	45856
3762	45418
3763	45579
3764	45382
3765	45880
3766	45822
3767	45244
3768	45733
3769	45541
3770	45807
3771	45715
3772	45707
3773	45814
3774	45790
3775	46036
3776	45752
3777	46104
3778	45691
3779	45916
3780	45676
3781	45915
3782	45522
3783	45482
3784	45709
3785	45905
3786	45919
3787	45813
3788	45885
3789	45683
3790	46437
3791	45898
3792	45998
3793	46110
3794	46016
3795	46372
3796	46557
3797	46117
3798	46063
3799	45939
3800	45863
3801	46186
3802	46501
3803	45658
3804	46258
3805	46276
3806	46188
3807	46335
3808	46634
3809	46013
3810	46126
3811	46411
3812	46686
3813	46718
3814	46464
3815	46555
3816	46834
3817	46753
3818	46660
3819	47200
3820	46870
3821	46789
3822	46968
3823	46950
3824	47116
3825	47199
3826	46798
3827	46907
3828	47094
3829	47681
3830	47277
3831	47668
3832	47546
3833	46932
3834	46342
3835	46141
3836	45335
3837	45079
3838	44852
3839	45378
3840	44828
3841	45138
3842	44665
3843	45068
3844	44541
3845	44337
3846	44099
3847	42906
3848	43286
3849	42560
3850	41383
3851	37641
3852	31801
3853	25283
3854	18558
3855	13018
3856	8967
3857	5950
3858	3901
3859	2709
3860	1996
3861	1373
3862	997
3863	738
3864	500
3865	339
3866	247
3867	160
3868	91
3869	48
3870	37
3871	22
3872	23
3873	22
3874	14
3875	20
3876	12
3877	24
3878	14
3879	19
3880	19
3881	18
3882	22
3883	17
3884	19
3885	19
3886	19
3887	25
3888	24
3889	20
3890	16
3891	20
3892	21
3893	20
3894	19
3895	14
3896	20
3897	15
3898	18
3899	16
3900	21
3901	22
3902	22
3903	25
3904	19
3905	19
3906	19
3907	24
3908	17
3909	28
3910	16
3911	16
3912	17
3913	19
3914	27
3915	21
3916	13
3917	18
3918	19
3919	21
3920	11
3921	30
3922	20
3923	18
3924	30
3925	19
3926	23
3927	19
3928	30
3929	22
3930	18
3931	21
3932	32
3933	21
3934	29
3935	20
3936	21
3937	27
3938	28
3939	22
3940	25
3941	33
3942	27
3943	27
3944	20
3945	26
3946	30
3947	27
3948	32
3949	23
3950	23
3951	19
3952	24
3953	34
3954	19
3955	26
3956	22
3957	32
3958	28
3959	19
3960	18
3961	22
3962	32
3963	17
3964	25
3965	31
3966	31
3967	24
3968	19
3969	37
3970	21
3971	26
3972	21
3973	27
3974	27
3975	30
3976	26
3977	14
3978	20
3979	25
3980	24
3981	25
3982	30
3983	37
3984	27
3985	29
3986	33
3987	34
3988	25
3989	25
3990	22
3991	26
3992	31
3993	27
3994	22
3995	31
3996	25
3997	25
3998	31
3999	25
4000	20
4001	34
4002	21
4003	21
4004	30
4005	27
4006	14
4007	23
4008	30
4009	28
4010	32
4011	28
4012	31
4013	36
4014	35
4015	31
4016	29
4017	0
4018	0
4019	0
4020	0
4021	0
4022	0
4023	0
4024	0
4025	0
4026	0
4027	0
4028	0
4029	0
4030	0
4031	0
4032	0
4033	0
4034	0
4035	0
4036	0
4037	0
4038	0
4039	0
4040	0
4041	0
4042	0
4043	0
4044	0
4045	0
4046	0
4047	0
4048	0
4049	0
4050	0
4051	0
4052	0
4053	0
4054	0
4055	0
4056	0
4057	0
4058	0
4059	0
4060	0
4061	0
4062	0
4063	0
4064	0
4065	0
4066	0
4067	0
4068	0
4069	0
4070	0
4071	0
4072	0
4073	0
4074	0
4075	0
4076	0
4077	0
4078	0
4079	0
4080	0
4081	0
4082	0
4083	0
4084	0
4085	0
4086	0
4087	0
4088	0
4089	0
4090	0
4091	0
4092	0
4093	0
4094	0
4095	0
4096	0
